0 100.75 272.15 267.95 265.15 261.7 260.3 265.9 258.4 257.05 256.45 255.45 256.65 260.6 257.75 252.75 252.85 263.15 255.7 250.3 255.1 254.9 
1 0.1 551.3 530.1 527.2 531.4 526.9 508.95 513.35 514.35 513.95 509.8 515.7 519.5 514.6 516.7 505.45 509.5 513.05 511.45 513.95 512.7 
2 0.0 538.65 528.5 528.7 515.95 526.3 520.2 503.9 518.4 518.2 512.6 507.2 508.9 507.4 518.3 515.0 507.65 505.95 512.45 506.5 508.65 
3 0.0 543.55 537.55 527.55 523.95 530.85 523.15 518.5 515.2 510.75 521.65 523.55 511.2 514.3 518.95 504.35 515.25 511.5 507.55 512.05 508.85 
4 0.0 531.35 527.5 524.65 512.5 520.35 517.6 515.3 514.45 517.1 506.45 525.75 520.4 509.65 515.05 518.15 504.6 514.95 510.1 508.8 508.25 
5 0.0 527.1 525.0 517.45 522.8 518.55 522.1 525.15 506.9 514.95 516.9 515.4 515.75 518.45 505.4 513.05 512.05 511.65 515.4 515.6 511.15 
6 0.0 523.85 529.4 517.9 530.1 501.95 514.9 520.55 513.1 514.6 521.65 508.6 507.35 516.0 506.6 515.85 507.2 505.7 510.55 503.9 516.45 
7 0.0 517.1 521.35 520.2 511.95 515.9 515.0 516.0 521.2 514.9 508.55 502.45 519.45 513.7 513.25 513.65 505.5 509.25 511.4 515.55 511.85 
8 0.0 499.9 517.05 519.3 520.05 511.95 517.05 515.1 518.2 510.45 513.6 503.6 516.35 521.0 509.8 508.05 517.7 514.3 516.8 519.95 512.05 
9 0.0 502.3 518.75 510.65 520.15 507.35 503.65 511.95 515.7 513.0 510.35 519.65 526.35 511.35 518.1 514.35 512.4 517.5 512.75 516.5 509.4 
10 0.0 505.35 508.55 519.2 504.3 520.3 514.65 506.7 511.15 509.0 524.1 512.5 503.55 517.35 511.75 509.35 508.95 518.9 517.4 514.75 509.85 
11 0.0 502.85 499.8 516.4 511.55 507.75 507.7 512.65 509.7 516.9 506.45 515.0 511.75 505.05 512.4 515.6 517.0 503.75 514.0 506.35 512.15 
12 0.0 507.65 503.4 510.15 517.85 513.1 501.0 505.55 512.35 506.85 506.35 501.6 501.65 513.1 504.1 507.85 516.55 501.7 514.15 501.5 515.05 
13 0.0 503.45 507.0 510.55 505.55 509.7 510.75 519.85 504.95 505.8 509.3 511.0 500.3 498.95 509.45 508.2 511.85 511.6 503.4 509.2 505.75 
14 0.0 499.9 510.65 497.45 506.3 502.4 516.2 497.25 508.9 514.05 502.3 504.95 500.1 504.35 505.75 515.5 510.75 508.3 505.5 511.15 507.4 
15 0.0 494.7 507.25 510.85 506.7 508.9 518.15 506.3 504.95 505.1 513.5 511.75 513.3 508.05 500.75 512.15 508.25 510.3 499.05 499.3 507.85 
16 0.0 504.4 489.0 502.2 511.9 505.6 504.45 508.95 506.0 501.2 503.05 511.1 506.25 505.8 510.05 512.5 509.7 518.35 511.0 508.6 509.8 
17 0.0 509.8 502.85 496.7 504.8 501.65 506.0 508.55 507.65 503.4 513.0 503.6 503.9 499.2 508.65 507.1 510.2 506.15 511.35 510.5 505.85 
18 0.0 507.0 506.9 499.2 501.4 512.75 509.65 508.05 509.75 506.15 503.2 504.25 495.35 510.9 514.15 507.65 505.25 506.2 505.9 503.55 502.95 
19 0.0 493.25 499.2 501.8 497.45 508.5 508.4 509.6 510.7 514.55 507.4 505.55 514.5 502.0 506.95 511.5 501.95 506.0 505.25 495.8 505.35 
20 0.0 497.75 503.9 495.85 502.0 506.8 505.5 506.0 494.4 509.05 504.5 513.2 505.65 499.0 495.9 506.25 504.05 507.0 505.35 508.8 503.9 
21 0.0 502.45 492.1 506.15 501.65 491.8 497.95 500.7 501.95 496.45 502.95 513.15 511.3 500.7 509.2 501.2 501.95 497.95 503.95 506.8 513.15 
22 0.0 503.8 496.35 496.7 505.55 504.25 494.85 507.1 508.55 503.75 507.75 495.3 503.8 500.55 499.75 495.2 504.25 500.2 503.8 507.6 505.1 
23 0.0 496.2 504.9 503.7 489.45 504.85 503.2 497.4 503.15 503.15 507.85 504.25 503.05 495.0 505.15 496.35 504.5 507.15 508.25 500.5 497.1 
24 0.0 502.85 487.7 496.5 503.4 496.85 501.95 511.15 501.95 506.35 508.2 509.9 498.55 510.35 506.05 499.5 498.65 504.1 492.25 511.4 496.9 
25 0.0 504.55 492.95 494.25 489.9 507.35 507.3 500.4 505.65 504.6 503.15 499.05 503.45 509.9 500.65 502.85 506.95 508.1 508.55 503.3 502.5 
26 0.0 486.05 496.7 496.0 497.4 499.0 497.3 502.9 495.75 506.75 495.85 511.4 496.6 510.4 509.9 493.45 505.35 505.1 499.85 502.75 499.2 
27 0.0 494.2 501.75 500.5 504.6 499.8 504.65 502.05 501.95 498.2 512.3 493.05 503.5 506.85 501.05 507.5 499.35 501.6 503.45 499.8 509.1 
28 0.0 492.2 494.85 493.75 497.0 493.35 499.85 507.3 506.4 510.35 510.95 504.15 513.05 520.65 507.95 511.65 498.3 505.25 507.7 493.4 499.5 
29 0.0 502.15 504.15 509.95 502.65 494.3 496.75 501.25 510.1 502.3 491.0 493.45 501.1 502.05 502.25 507.95 509.85 502.5 498.8 505.15 514.05 
30 0.0 506.3 501.0 493.95 492.55 504.7 500.9 505.1 503.65 502.0 498.85 502.85 501.6 501.6 500.05 505.55 504.8 498.35 506.35 502.7 504.25 
31 0.0 506.0 494.8 497.5 504.2 498.65 499.45 502.5 496.75 500.65 502.0 506.35 506.6 496.05 499.8 507.25 496.5 507.25 499.4 500.8 506.05 
32 0.0 500.4 509.0 504.65 503.55 506.3 497.55 499.15 508.55 509.1 506.1 503.1 507.4 500.5 503.5 497.55 504.5 500.65 505.8 503.3 505.5 
33 0.0 504.35 503.4 500.95 501.65 509.05 503.15 497.75 494.2 496.2 505.4 510.35 496.45 502.85 502.1 501.7 509.25 504.85 507.3 501.7 496.95 
34 0.0 489.65 500.4 499.0 498.25 501.0 497.65 499.55 505.95 495.05 500.0 506.45 507.25 498.8 502.85 504.65 499.25 493.8 503.2 512.4 513.1 
35 0.0 499.35 508.25 507.3 496.25 500.05 498.0 498.5 500.4 506.05 496.95 497.1 508.85 506.6 511.0 505.75 505.45 497.15 497.6 507.25 501.5 
36 0.0 500.15 495.9 499.25 505.8 494.35 504.35 492.75 508.35 500.25 497.05 498.25 492.45 498.3 495.55 506.1 501.95 508.45 505.5 505.95 495.65 
37 0.0 496.1 507.85 506.0 499.5 500.4 504.45 507.7 491.65 508.3 496.7 505.25 504.55 508.4 503.7 502.75 501.9 499.15 495.9 504.25 500.7 
38 0.0 502.8 489.0 502.8 505.1 505.8 502.2 503.7 501.35 504.25 497.0 499.6 503.7 501.6 504.85 499.55 507.9 501.1 498.05 509.7 500.3 
39 0.0 501.5 500.05 503.5 502.9 498.85 494.7 491.1 495.45 496.6 507.0 494.75 496.9 503.05 506.35 506.35 499.2 504.95 499.55 491.45 498.4 
40 0.0 503.35 504.35 495.45 502.05 496.85 499.65 495.2 507.2 503.2 498.3 505.1 501.05 496.0 504.0 498.7 507.2 509.9 503.95 501.7 506.65 
41 0.0 497.85 501.9 503.8 501.25 503.05 500.25 492.75 495.55 500.05 507.2 498.15 499.45 500.4 503.55 501.2 500.15 496.15 506.0 495.7 498.75 
42 0.0 498.5 502.95 499.75 498.65 492.35 498.6 512.45 512.75 505.2 499.9 504.05 491.55 507.3 507.05 499.0 503.8 498.85 504.85 499.3 505.55 
43 0.0 506.65 494.55 493.6 503.6 498.45 507.85 497.95 484.6 499.65 497.35 503.05 502.6 496.15 501.7 506.3 499.0 504.35 500.35 498.6 501.9 
44 0.0 502.85 500.1 500.05 493.65 497.65 494.05 503.65 502.85 492.5 514.15 498.6 508.35 505.15 491.25 498.9 494.5 499.55 498.75 503.55 499.8 
45 0.0 495.35 498.3 504.15 496.95 498.5 505.3 498.9 492.9 498.3 495.35 499.85 504.2 493.15 490.35 498.3 496.8 499.95 501.0 501.75 488.7 
46 0.0 500.55 490.55 494.0 499.2 504.9 506.05 501.4 499.45 498.45 496.35 496.5 507.5 503.3 494.45 488.65 495.6 504.15 499.95 500.3 502.7 
47 0.0 495.2 501.9 502.45 508.2 508.05 502.95 505.45 504.85 501.15 502.6 496.25 500.05 495.4 499.05 497.85 499.3 505.9 502.45 501.85 499.85 
48 0.0 502.2 498.3 497.65 504.7 505.15 502.75 510.9 499.4 501.05 500.2 504.6 500.05 510.1 495.5 497.25 507.8 498.9 498.35 506.15 507.65 
49 0.0 498.1 503.85 503.15 506.4 501.75 502.35 498.55 506.75 497.85 493.35 497.75 500.05 501.55 495.45 499.8 504.9 494.65 510.05 499.4 504.8 
50 0.0 503.05 505.2 508.25 491.15 506.25 493.0 495.8 492.85 498.2 502.85 491.9 495.4 497.25 498.7 493.45 498.6 497.6 498.4 498.4 493.1 
51 0.0 502.6 495.7 481.75 508.05 504.55 501.75 503.05 505.4 508.9 499.5 505.95 491.85 501.1 505.2 509.0 493.35 497.2 500.85 494.45 500.65 
52 0.0 498.6 509.15 506.65 490.85 499.6 502.8 493.95 502.15 502.9 498.05 498.7 505.4 500.95 511.7 505.25 499.8 511.3 487.55 497.35 506.1 
53 0.0 497.3 497.45 505.6 496.85 501.85 496.3 494.2 500.65 498.55 499.5 499.2 500.2 498.75 503.55 506.45 505.35 504.4 507.65 505.5 495.45 
54 0.0 492.55 501.75 492.55 500.05 500.25 502.3 498.0 506.3 502.8 498.3 508.75 498.1 498.35 501.3 509.9 496.75 496.5 498.4 503.7 498.15 
55 0.0 503.9 501.65 501.5 499.3 492.45 509.1 500.7 497.9 487.4 503.75 496.95 500.45 498.15 501.5 497.3 499.75 501.15 500.35 506.25 502.85 
56 0.0 496.2 487.8 503.55 494.75 500.05 498.95 501.6 501.75 499.35 500.15 499.1 498.4 501.05 492.45 499.55 508.1 492.2 498.25 491.95 506.4 
57 0.0 499.5 501.8 500.95 511.2 499.65 499.3 506.3 503.4 501.5 505.45 506.1 504.75 508.85 503.0 495.2 503.65 502.5 499.4 506.2 502.8 
58 0.0 500.05 497.3 495.5 496.35 509.35 499.65 500.65 504.45 498.0 498.0 499.35 494.65 503.0 504.05 498.6 498.2 498.5 499.55 498.3 503.8 
59 0.0 500.55 503.9 484.35 506.65 487.85 503.9 507.15 499.65 505.8 495.0 506.65 504.75 504.5 506.0 501.8 496.1 498.75 503.4 494.5 499.35 
60 0.0 497.35 498.05 499.2 500.9 504.45 497.2 506.4 500.9 505.65 498.8 485.95 492.75 497.4 502.6 511.7 500.95 503.2 498.15 495.55 495.4 
61 0.0 506.95 497.35 497.3 496.6 489.9 508.75 498.25 491.15 506.65 505.2 504.05 499.0 494.2 496.65 501.35 496.05 506.85 501.7 502.25 495.5 
62 0.0 466.1 501.25 496.35 491.2 500.05 493.3 492.75 501.85 503.65 490.0 496.65 498.1 498.6 499.75 498.95 499.45 498.2 493.25 499.2 498.95 
63 0.0 408.35 497.4 500.9 493.15 503.35 490.65 505.4 499.05 499.1 498.15 501.95 498.4 496.05 504.55 505.05 499.4 491.45 502.8 499.55 496.45 
64 0.0 279.5 501.25 497.4 495.25 491.65 493.3 507.2 499.9 493.65 502.7 504.7 502.75 497.05 505.7 493.15 498.15 500.55 493.4 502.1 494.15 
65 0.0 161.6 503.55 497.95 497.75 496.6 500.6 496.2 508.85 492.25 505.85 498.0 505.45 504.7 494.0 497.3 505.95 510.35 503.2 506.35 514.1 
66 0.0 76.25 505.8 503.7 494.9 497.8 495.75 488.7 496.3 503.75 497.65 494.0 496.3 500.3 497.05 501.2 493.3 486.85 501.3 505.2 498.4 
67 0.0 35.1 492.7 507.7 501.35 500.95 501.15 500.15 498.6 497.5 487.35 498.4 508.0 502.35 492.95 496.25 498.3 505.5 501.8 496.35 504.7 
68 0.0 8.85 491.2 502.85 505.35 492.0 500.55 498.45 496.75 495.5 501.05 491.5 502.8 490.85 499.7 492.35 508.95 499.6 504.6 499.45 502.35 
69 0.0 2.15 504.1 500.35 488.95 496.5 494.7 503.7 493.1 501.5 505.55 501.3 496.55 507.2 496.75 499.15 495.9 507.05 506.55 500.45 502.7 
70 0.0 0.0 493.3 498.85 501.4 495.0 488.45 496.7 492.6 501.35 497.45 505.65 497.15 507.5 499.2 503.7 501.4 501.9 504.1 500.5 499.2 
71 0.0 0.0 500.95 507.6 508.35 505.85 495.75 498.2 491.55 490.4 505.9 502.1 493.05 496.2 499.85 492.3 504.6 499.65 500.7 505.0 502.0 
72 0.0 0.0 502.65 505.95 504.75 487.55 500.55 495.25 498.05 486.0 495.8 501.0 494.7 490.0 502.8 499.35 489.85 500.25 497.8 498.4 493.35 
73 0.0 0.0 505.85 497.15 501.15 500.6 510.3 500.4 509.05 502.5 500.1 494.6 496.4 497.8 493.45 492.15 501.45 498.85 502.75 503.35 497.45 
74 0.0 0.0 503.2 509.3 498.3 498.1 501.0 502.1 502.3 504.05 499.8 498.85 501.95 495.25 503.85 503.75 496.65 497.55 496.65 505.95 493.2 
75 0.0 0.0 504.05 495.7 494.5 501.9 496.4 494.55 492.95 498.15 495.5 488.6 498.8 502.15 503.85 497.6 500.7 498.95 505.6 496.95 504.85 
76 0.0 0.0 501.45 493.35 508.5 509.1 503.95 497.55 496.2 503.95 504.5 502.9 501.8 500.65 495.2 499.15 497.6 500.4 500.35 502.15 510.5 
77 0.0 0.0 503.2 502.05 496.3 496.45 498.55 511.5 506.25 492.8 501.8 493.9 498.6 488.55 499.5 496.05 502.5 498.4 502.5 500.65 500.5 
78 0.0 0.0 499.05 497.85 494.4 498.7 502.1 503.7 505.8 502.45 505.45 506.85 507.15 500.15 496.5 497.9 503.3 504.75 494.0 490.25 500.25 
79 0.0 0.0 489.5 492.45 502.95 501.2 503.9 500.65 494.3 500.7 492.5 505.05 502.4 512.4 499.85 506.9 502.3 492.2 505.0 502.2 492.4 
80 0.0 0.0 502.15 493.75 497.1 502.6 498.55 490.25 506.6 497.05 495.95 496.75 496.6 494.55 497.8 505.75 506.2 499.8 495.85 493.35 490.3 
81 0.0 0.0 491.1 493.85 498.4 494.05 497.9 493.9 495.25 508.25 495.5 501.15 503.2 496.3 503.25 501.85 495.85 495.85 498.65 501.1 503.35 
82 0.0 0.0 494.75 507.15 498.85 499.05 498.65 497.9 497.95 495.8 497.6 502.3 490.7 498.6 502.0 501.5 490.2 494.0 501.2 499.1 503.85 
83 0.0 0.0 495.3 495.9 496.5 499.4 494.35 493.8 503.95 501.4 504.35 508.0 500.1 499.95 500.4 492.45 501.45 506.1 496.55 502.75 502.6 
84 0.0 0.0 502.7 495.95 505.05 497.85 495.85 505.45 496.45 497.6 505.85 493.4 501.4 495.65 492.7 505.0 499.15 505.1 497.45 509.85 496.45 
85 0.0 0.0 508.8 502.65 495.4 501.5 496.4 503.0 498.45 495.65 500.75 488.65 503.7 501.25 490.2 499.35 498.15 500.7 500.25 501.95 497.5 
86 0.0 0.0 496.9 505.1 505.5 505.75 497.35 493.45 498.75 495.25 496.5 500.0 504.1 506.7 499.6 499.5 500.45 498.75 505.85 502.0 495.45 
87 0.0 0.0 498.6 507.65 497.65 497.1 497.7 494.15 498.95 508.4 506.1 500.65 507.4 503.4 504.55 505.15 499.8 500.5 485.85 495.95 505.85 
88 0.0 0.0 496.15 506.2 508.15 502.0 501.3 502.5 490.7 506.4 501.05 502.9 501.45 497.0 498.95 498.1 506.7 492.25 492.2 482.6 496.85 
89 0.0 0.0 503.65 491.55 501.25 497.6 501.3 492.9 504.4 500.6 497.75 491.9 493.15 498.5 501.6 489.2 498.85 500.15 502.5 495.0 497.7 
90 0.0 0.0 506.55 507.85 500.7 502.35 505.5 504.6 502.1 507.7 500.05 503.4 497.0 505.4 503.95 491.4 500.0 508.45 511.35 498.2 497.8 
91 0.0 0.0 499.65 501.75 497.5 497.0 500.0 498.3 498.2 495.1 497.8 502.85 492.35 500.2 503.6 509.05 499.45 492.65 492.15 507.35 493.25 
92 0.0 0.0 490.0 490.75 503.85 499.95 501.3 505.0 503.8 498.05 487.05 503.9 492.1 494.45 497.35 504.35 503.25 494.95 499.35 494.6 502.85 
93 0.0 0.0 498.95 503.4 497.8 500.65 501.3 498.95 496.35 496.4 499.65 495.15 501.8 504.95 506.0 504.9 499.8 493.15 502.85 497.15 496.2 
94 0.0 0.0 501.2 498.5 504.05 504.8 496.55 489.85 491.6 492.35 498.9 502.9 500.4 498.25 493.65 506.25 504.4 511.8 501.75 495.6 501.95 
95 0.0 0.0 498.05 496.2 500.45 500.85 501.35 494.8 504.85 497.95 505.9 496.8 496.8 494.6 500.7 500.35 498.5 501.05 494.7 497.6 490.15 
96 0.0 0.0 504.7 490.95 504.35 498.45 495.45 499.7 500.4 497.55 508.45 500.2 497.9 501.0 499.3 496.05 491.9 504.75 496.2 500.8 487.1 
97 0.0 0.0 503.9 500.15 496.3 501.35 508.35 503.3 499.75 498.75 492.3 506.65 500.25 505.9 500.8 503.45 501.4 495.35 497.15 491.55 489.05 
98 0.0 0.0 502.05 502.15 489.95 494.05 488.25 504.4 501.45 504.25 501.15 504.6 503.0 500.7 492.9 490.9 503.55 502.45 495.35 495.5 500.35 
99 0.0 0.0 493.95 493.85 493.5 492.6 498.85 497.55 508.55 502.15 504.3 499.65 503.7 496.9 505.85 494.45 490.8 491.6 501.5 502.1 501.35 
100 0.0 0.0 498.95 507.0 499.2 506.35 496.45 492.5 493.95 493.85 487.45 499.85 500.0 495.6 500.4 494.0 493.95 494.15 495.85 494.95 490.55 
101 0.0 0.0 496.4 502.35 501.15 494.45 495.1 502.15 493.85 498.2 505.8 498.45 505.05 495.0 490.6 493.85 489.7 485.75 493.75 501.2 490.25 
102 0.0 0.0 498.95 501.3 506.5 496.55 504.6 497.05 493.7 504.55 504.25 497.75 499.75 500.05 492.4 493.7 493.0 495.25 495.25 489.35 492.9 
103 0.0 0.0 500.2 500.2 497.95 501.55 486.05 501.3 500.7 504.8 501.4 495.3 495.85 492.45 489.25 491.45 491.05 498.6 487.75 490.1 496.55 
104 0.0 0.0 493.05 497.15 502.65 497.4 505.65 494.75 503.55 501.8 495.6 498.1 494.3 503.1 502.45 494.9 483.45 484.65 491.15 488.8 485.55 
105 0.0 0.0 500.1 487.5 492.9 507.3 514.6 503.75 495.6 495.65 503.05 490.35 503.0 497.95 488.5 489.6 500.25 493.1 484.6 484.45 485.4 
106 0.0 0.0 503.45 499.6 493.35 500.15 502.8 493.2 500.55 497.85 500.5 502.75 491.0 477.7 497.7 486.35 488.6 483.65 482.65 495.15 501.45 
107 0.0 0.0 493.05 493.45 496.05 492.75 496.35 501.85 501.8 492.2 502.95 502.5 494.15 499.9 492.3 484.4 490.15 486.4 489.6 484.8 483.05 
108 0.0 0.0 496.95 501.15 497.6 502.35 495.15 503.2 503.2 506.5 490.95 489.9 491.4 495.5 496.2 492.95 492.85 488.4 487.6 485.6 484.3 
109 0.0 0.0 497.1 507.3 511.75 493.8 495.4 499.85 497.7 496.45 502.85 485.65 492.5 496.8 484.8 504.35 486.95 489.05 482.75 486.5 482.95 
110 0.0 0.0 499.1 499.65 496.55 500.9 491.9 498.95 498.3 501.2 486.65 495.05 497.95 490.45 485.65 491.4 484.05 479.15 479.4 472.1 469.75 
111 0.0 0.0 503.95 501.95 492.35 495.05 505.3 497.85 497.7 505.25 498.55 490.0 488.95 495.5 483.3 477.8 478.95 491.65 477.4 481.35 470.9 
112 0.0 0.0 507.1 493.75 497.05 509.5 501.25 503.6 496.4 499.75 490.7 494.7 493.05 476.15 488.35 481.0 483.65 475.4 481.15 479.85 465.65 
113 0.0 0.0 480.3 502.0 497.6 493.2 501.15 493.6 500.55 498.85 505.15 500.3 488.8 493.35 489.65 479.35 488.35 470.7 478.65 461.5 463.05 
114 0.0 0.0 475.5 503.0 497.25 501.05 497.8 496.6 498.25 487.3 498.9 491.3 482.75 484.4 478.25 484.45 470.25 474.1 467.75 466.7 464.7 
115 0.0 0.0 450.6 495.8 500.35 498.7 496.5 501.0 496.0 500.25 490.55 486.1 489.15 478.1 484.5 474.8 472.9 470.8 460.3 457.4 465.55 
116 0.0 0.0 372.9 500.3 504.9 500.5 501.55 502.3 502.75 493.1 488.4 489.4 481.65 489.15 483.1 462.2 470.15 463.85 462.7 458.2 454.35 
117 0.0 0.0 227.5 498.7 497.45 500.05 495.9 497.9 495.9 484.15 490.1 485.05 479.45 477.1 469.6 471.45 469.5 462.05 453.1 453.35 445.25 
118 0.0 0.0 129.7 497.5 497.55 501.6 499.3 496.85 495.4 492.75 484.4 478.95 473.95 470.6 468.0 467.45 455.85 452.0 447.7 440.5 447.45 
119 0.0 0.0 30.05 498.95 494.5 495.4 492.75 500.6 493.35 489.6 483.0 477.7 465.95 473.6 467.1 468.5 453.7 460.15 449.9 437.8 445.15 
120 0.0 0.0 5.75 491.45 503.75 489.75 498.9 493.4 483.35 479.25 476.85 480.85 472.85 465.85 461.2 458.7 440.2 451.55 444.75 441.4 431.2 
121 0.0 0.0 0.8 499.3 500.2 496.1 490.35 489.3 482.15 478.95 470.65 478.95 469.25 458.9 459.0 446.95 447.95 429.25 440.5 436.15 432.85 
122 0.0 0.0 0.05 497.8 497.4 495.2 477.45 487.1 481.95 479.75 469.85 467.4 464.5 452.8 452.4 441.65 442.1 437.5 438.3 432.45 422.4 
123 0.0 0.0 0.05 493.55 483.2 490.65 496.3 487.75 480.25 479.45 472.3 458.6 456.1 448.25 444.5 441.25 441.05 431.7 420.85 421.4 413.9 
124 0.0 0.0 0.0 497.9 488.1 498.6 490.45 480.55 473.3 472.95 461.9 447.25 446.05 442.95 441.15 442.85 432.55 418.95 419.45 419.55 410.95 
125 0.0 0.0 0.0 502.05 498.45 488.0 486.65 480.6 470.15 464.0 458.35 448.1 442.85 437.35 436.0 425.3 420.35 419.15 413.9 412.7 409.55 
126 0.0 0.0 0.0 495.7 491.1 487.15 489.15 472.05 472.25 445.9 451.0 441.75 426.35 425.45 431.1 423.45 416.25 406.5 411.1 396.1 394.25 
127 0.0 0.0 0.0 499.2 501.6 487.2 475.3 470.85 451.3 446.45 436.3 433.25 430.65 417.45 415.9 408.85 399.25 405.5 390.45 390.65 397.4 
128 0.0 0.0 0.0 497.05 500.05 484.25 479.9 458.9 452.15 439.5 431.55 429.35 420.55 420.0 406.9 414.55 398.5 392.8 387.6 380.75 379.6 
129 0.0 0.0 0.0 489.55 492.35 484.2 465.5 451.05 436.35 431.3 426.0 417.45 416.25 403.9 393.75 389.65 391.9 392.05 387.4 387.3 375.9 
130 0.0 0.0 0.0 493.15 489.2 477.45 464.65 444.9 438.1 424.85 416.75 403.2 402.1 398.5 379.7 394.05 382.2 374.8 372.2 374.25 368.95 
131 0.0 0.0 0.0 496.85 488.0 469.9 455.5 447.9 417.2 414.25 402.7 398.45 396.35 388.3 377.2 374.9 380.75 371.5 373.65 363.85 360.65 
132 0.0 0.0 0.0 488.1 477.95 462.15 441.1 424.4 417.0 409.1 387.25 393.15 381.35 377.1 369.85 366.7 360.6 355.1 354.0 347.35 349.3 
133 0.0 0.0 0.0 493.8 482.85 449.8 432.95 413.2 396.35 383.05 385.3 380.35 371.75 365.15 359.6 346.55 355.8 351.5 347.2 338.95 342.75 
134 0.0 0.0 0.0 494.05 468.85 441.95 413.85 399.6 386.15 379.3 375.95 360.95 357.4 347.3 348.9 343.1 337.35 342.7 331.9 334.25 330.9 
135 0.0 0.0 0.0 488.55 457.7 416.2 396.4 385.0 375.1 366.5 351.05 351.9 344.4 343.35 337.1 333.1 332.45 332.15 328.85 315.95 323.4 
136 0.0 0.0 0.0 498.65 440.8 410.0 384.0 357.65 355.25 359.3 340.25 333.7 322.55 334.4 323.65 324.65 319.65 320.6 313.9 320.9 304.3 
137 0.0 0.0 0.0 475.2 423.3 386.1 361.45 349.2 347.45 334.75 328.3 324.8 321.35 310.0 313.3 309.1 309.45 305.8 301.85 303.05 302.45 
138 0.0 0.0 0.0 478.4 386.55 362.15 342.9 326.15 323.25 315.55 313.7 303.65 303.25 294.15 298.9 295.75 299.35 296.2 296.65 287.05 283.25 
139 0.0 0.0 0.0 473.9 363.3 337.15 315.4 316.05 305.0 293.75 297.85 296.7 295.95 281.7 284.45 279.0 285.55 281.7 285.7 281.3 279.8 
140 0.0 0.0 0.0 427.6 326.3 306.9 290.45 289.1 283.2 275.65 280.9 276.05 272.3 275.2 270.1 275.25 269.9 275.0 271.2 275.25 270.05 
141 0.0 0.0 0.0 364.85 288.1 277.15 275.0 268.4 265.8 267.0 266.25 264.95 261.3 264.95 267.75 260.05 256.9 255.3 257.55 260.1 260.45 
142 0.0 0.0 0.0 246.55 248.4 245.45 245.2 253.9 250.35 245.5 247.4 250.7 246.15 254.85 250.4 248.2 245.45 246.15 242.35 243.6 249.55 
143 0.0 0.0 0.0 132.65 210.85 219.35 223.85 221.5 230.35 225.7 225.3 227.2 236.55 232.05 232.8 234.0 237.25 233.45 236.7 238.0 233.0 
144 0.0 0.0 0.0 62.4 166.45 190.95 200.3 203.6 211.95 206.7 214.4 217.9 221.05 213.85 222.85 224.35 221.9 226.85 226.75 233.3 229.2 
145 0.0 0.0 0.0 24.55 130.8 155.4 172.6 184.65 190.0 192.2 197.95 198.35 204.35 208.4 209.1 209.55 211.95 215.0 213.1 215.1 216.75 
146 0.0 0.0 0.0 8.95 96.2 137.95 159.85 162.9 167.6 178.45 179.45 185.1 190.3 196.3 196.3 197.15 201.9 198.05 201.95 207.05 209.05 
147 0.0 0.0 0.0 2.95 72.05 107.4 127.9 145.25 151.95 165.95 164.4 171.6 174.75 181.65 187.0 187.25 190.25 192.9 192.35 192.25 198.35 
148 0.0 0.0 0.0 0.8 52.4 89.2 113.2 126.75 135.55 143.05 153.95 158.35 163.15 165.2 174.15 172.45 172.4 177.35 180.55 177.05 187.4 
149 0.0 0.0 0.0 0.35 35.6 71.1 92.05 112.45 122.6 131.8 137.05 148.1 148.95 153.75 157.45 163.0 162.4 170.45 168.3 174.75 179.25 
150 0.0 0.0 0.0 0.1 23.55 56.75 78.8 92.95 106.95 117.95 123.2 130.75 138.5 144.25 140.95 153.05 156.7 156.95 161.45 162.55 167.25 
151 0.0 0.0 0.0 0.0 16.45 43.35 66.9 80.7 94.8 105.5 110.65 117.75 124.95 131.85 137.5 139.0 143.55 147.0 151.55 152.45 155.75 
152 0.0 0.0 0.0 0.0 10.45 29.2 54.2 66.9 84.3 87.05 97.85 106.05 113.0 121.05 125.8 130.95 134.55 134.45 141.9 143.65 147.9 
153 0.0 0.0 0.0 0.0 5.85 22.45 41.45 57.8 69.25 80.5 88.65 90.25 100.35 108.25 112.65 117.35 122.7 124.25 130.5 138.45 136.8 
154 0.0 0.0 0.0 0.0 3.45 16.6 31.85 45.35 58.2 72.85 79.15 86.5 94.2 96.4 103.65 107.35 109.4 118.0 121.65 122.35 132.1 
155 0.0 0.0 0.0 0.0 1.95 11.85 24.0 38.7 51.2 60.85 72.35 77.85 81.25 88.3 94.8 99.15 106.3 107.35 112.85 113.3 118.45 
156 0.0 0.0 0.0 0.0 1.0 7.65 19.75 30.75 42.1 51.6 58.15 69.95 75.0 80.1 84.55 92.05 99.15 103.05 107.05 111.1 108.1 
157 0.0 0.0 0.0 0.0 0.35 5.15 15.65 26.55 33.45 43.1 51.9 62.3 68.45 74.35 77.25 85.5 86.9 91.05 94.2 100.9 101.1 
158 0.0 0.0 0.0 0.0 0.4 3.7 10.5 19.75 28.75 36.55 45.9 52.35 58.95 64.5 70.05 75.2 80.65 84.05 88.2 91.3 97.85 
159 0.0 0.0 0.0 0.0 0.15 2.35 8.2 15.95 21.95 30.7 38.55 47.4 53.05 59.8 62.3 69.2 73.3 76.5 81.3 84.9 86.35 
160 0.0 0.0 0.0 0.0 0.05 1.45 4.6 12.4 17.95 26.25 35.2 40.25 45.15 51.35 54.95 62.6 66.35 68.5 74.35 77.1 84.95 
161 0.0 0.0 0.0 0.0 0.0 1.25 4.25 8.0 15.9 20.8 29.9 33.5 41.4 46.15 53.75 52.65 58.85 63.4 70.7 75.6 77.95 
162 0.0 0.0 0.0 0.0 0.0 0.45 2.4 6.65 11.85 18.9 22.55 29.7 35.2 39.8 44.55 47.9 50.65 59.4 61.3 64.65 71.55 
163 0.0 0.0 0.0 0.0 0.0 0.25 2.0 5.05 10.35 13.7 20.05 25.25 31.25 36.3 37.7 42.7 47.6 54.05 54.85 59.1 61.4 
164 0.0 0.0 0.0 0.0 0.0 0.2 1.2 3.85 7.4 10.8 15.85 21.3 26.65 28.5 33.65 38.6 46.45 48.05 50.85 52.15 57.5 
165 0.0 0.0 0.0 0.0 0.0 0.05 0.9 2.5 5.1 9.25 13.15 16.6 22.05 26.45 30.55 33.5 37.0 41.65 46.95 51.65 52.65 
166 0.0 0.0 0.0 0.0 0.0 0.05 1.0 1.45 3.05 7.65 12.1 14.65 19.25 22.35 26.6 30.65 33.55 37.65 40.35 45.65 47.15 
167 0.0 0.0 0.0 0.0 0.0 0.1 0.45 1.75 3.6 5.5 9.25 12.9 15.35 19.75 23.35 27.35 29.7 34.2 34.4 41.2 43.85 
168 0.0 0.0 0.0 0.0 0.0 0.0 0.4 1.25 2.65 5.15 7.6 10.6 13.35 18.3 20.65 22.25 26.85 29.35 31.6 36.55 40.25 
169 0.0 0.0 0.0 0.0 0.0 0.0 0.1 1.05 1.55 4.0 4.6 7.6 11.25 14.4 18.5 21.3 25.5 26.4 31.95 31.95 33.3 
170 0.0 0.0 0.0 0.0 0.0 0.0 0.0 0.6 1.35 3.05 4.7 7.35 9.9 10.35 15.75 18.8 20.15 23.1 28.4 27.7 31.0 
171 0.0 0.0 0.0 0.0 0.0 0.0 0.1 0.45 1.2 2.45 3.9 5.35 7.75 11.2 13.0 14.0 18.4 20.05 21.8 25.05 27.75 
172 0.0 0.0 0.0 0.0 0.0 0.0 0.0 0.35 0.7 1.4 3.0 4.65 6.15 8.35 11.7 13.55 16.4 17.5 22.25 25.05 26.8 
173 0.0 0.0 0.0 0.0 0.0 0.0 0.05 0.2 0.65 0.85 2.6 3.65 5.6 7.8 9.8 11.7 13.0 16.75 17.6 20.3 21.75 
174 0.0 0.0 0.0 0.0 0.0 0.0 0.0 0.15 0.4 0.65 1.5 2.55 4.9 6.05 8.5 9.95 11.4 13.4 16.95 17.8 20.15 
175 0.0 0.0 0.0 0.0 0.0 0.0 0.0 0.1 0.4 0.65 1.3 2.8 3.95 4.75 6.4 9.25 10.5 12.55 14.95 17.8 19.5 
176 0.0 0.0 0.0 0.0 0.0 0.0 0.0 0.0 0.4 0.8 0.85 1.45 2.4 3.2 5.6 7.6 8.95 10.9 11.8 15.25 17.5 
177 0.0 0.0 0.0 0.0 0.0 0.0 0.0 0.0 0.1 0.4 0.5 1.35 2.3 3.1 4.95 7.3 8.05 9.3 11.3 12.7 14.25 
178 0.0 0.0 0.0 0.0 0.0 0.0 0.0 0.0 0.1 0.4 0.55 1.25 1.7 3.1 3.0 5.15 6.05 9.0 9.55 11.05 12.4 
179 0.0 0.0 0.0 0.0 0.0 0.0 0.0 0.0 0.0 0.2 0.4 0.65 1.1 2.45 3.45 4.0 6.0 8.45 8.1 10.4 10.55 
180 0.0 0.0 0.0 0.0 0.0 0.0 0.0 0.0 0.1 0.3 0.45 0.8 1.2 2.2 2.65 4.0 5.05 5.8 7.65 9.45 9.5 
181 0.0 0.0 0.0 0.0 0.0 0.0 0.0 0.0 0.0 0.0 0.2 0.2 0.95 1.4 2.1 3.0 4.0 4.3 5.65 6.65 9.4 
182 0.0 0.0 0.0 0.0 0.0 0.0 0.0 0.0 0.0 0.25 0.25 0.55 1.2 1.2 1.4 1.9 4.0 4.75 5.65 7.0 8.3 
183 0.0 0.0 0.0 0.0 0.0 0.0 0.0 0.0 0.0 0.05 0.05 0.3 0.65 1.0 2.2 1.9 2.6 3.05 4.35 4.95 6.7 
184 0.0 0.0 0.0 0.0 0.0 0.0 0.0 0.0 0.0 0.05 0.15 0.3 0.55 0.8 1.4 2.2 1.95 2.7 4.4 4.7 5.0 
185 0.0 0.0 0.0 0.0 0.0 0.0 0.0 0.0 0.0 0.05 0.1 0.15 0.2 0.75 1.0 1.5 2.5 2.85 3.3 4.65 4.75 
186 0.0 0.0 0.0 0.0 0.0 0.0 0.0 0.0 0.05 0.0 0.0 0.15 0.25 0.3 0.7 1.7 1.8 2.3 2.3 3.9 4.2 
187 0.0 0.0 0.0 0.0 0.0 0.0 0.0 0.0 0.0 0.0 0.1 0.1 0.1 0.4 0.7 0.9 2.05 1.75 2.35 2.85 4.3 
188 0.0 0.0 0.0 0.0 0.0 0.0 0.0 0.0 0.0 0.0 0.0 0.1 0.15 0.3 0.65 0.9 1.1 1.9 1.65 2.3 3.6 
189 0.0 0.0 0.0 0.0 0.0 0.0 0.0 0.0 0.0 0.0 0.0 0.1 0.05 0.25 0.1 0.55 0.8 1.55 1.8 2.3 2.8 
190 0.0 0.0 0.0 0.0 0.0 0.0 0.0 0.0 0.0 0.0 0.05 0.05 0.1 0.25 0.2 0.55 0.65 1.5 1.6 1.95 2.05 
191 0.0 0.0 0.0 0.0 0.0 0.0 0.0 0.0 0.0 0.0 0.05 0.15 0.15 0.3 0.25 0.8 0.5 0.75 1.4 1.3 1.95 
192 0.0 0.0 0.0 0.0 0.0 0.0 0.0 0.0 0.0 0.1 0.0 0.05 0.1 0.05 0.35 0.2 0.7 0.6 1.2 1.55 1.85 
193 0.0 0.0 0.0 0.0 0.0 0.0 0.0 0.0 0.0 0.0 0.0 0.05 0.2 0.2 0.25 0.05 0.45 0.6 0.85 0.85 1.95 
194 0.0 0.0 0.0 0.0 0.0 0.0 0.0 0.0 0.0 0.0 0.0 0.0 0.0 0.05 0.0 0.3 0.4 0.75 0.6 1.1 1.3 
195 0.0 0.0 0.0 0.0 0.0 0.0 0.0 0.0 0.0 0.0 0.05 0.0 0.05 0.05 0.1 0.2 0.5 0.45 0.8 0.5 1.3 
196 0.0 0.0 0.0 0.0 0.0 0.0 0.0 0.0 0.0 0.0 0.0 0.0 0.05 0.0 0.1 0.2 0.15 0.3 0.35 1.05 0.85 
197 0.0 0.0 0.0 0.0 0.0 0.0 0.0 0.0 0.0 0.0 0.0 0.0 0.0 0.0 0.0 0.05 0.1 0.4 0.65 0.9 0.45 
198 0.0 0.0 0.0 0.0 0.0 0.0 0.0 0.0 0.0 0.0 0.0 0.0 0.0 0.15 0.05 0.0 0.1 0.4 0.4 0.5 0.9 
199 0.0 0.0 0.0 0.0 0.0 0.0 0.0 0.0 0.0 0.0 0.0 0.0 0.0 0.0 0.0 0.0 0.0 0.15 0.35 0.35 0.4 
200 0.0 0.0 0.0 0.0 0.0 0.0 0.0 0.0 0.0 0.0 0.0 0.0 0.05 0.0 0.0 0.05 0.15 0.15 0.35 0.3 0.4 
201 0.0 0.0 0.0 0.0 0.0 0.0 0.0 0.0 0.0 0.0 0.0 0.0 0.0 0.05 0.0 0.05 0.1 0.1 0.05 0.15 0.3 
202 0.0 0.0 0.0 0.0 0.0 0.0 0.0 0.0 0.0 0.0 0.0 0.0 0.0 0.0 0.0 0.0 0.05 0.1 0.1 0.35 0.55 
203 0.0 0.0 0.0 0.0 0.0 0.0 0.0 0.0 0.0 0.0 0.0 0.0 0.0 0.0 0.05 0.0 0.0 0.05 0.15 0.15 0.3 
204 0.0 0.0 0.0 0.0 0.0 0.0 0.0 0.0 0.0 0.0 0.0 0.0 0.0 0.0 0.0 0.0 0.05 0.05 0.25 0.1 0.15 
205 0.0 0.0 0.0 0.0 0.0 0.0 0.0 0.0 0.0 0.0 0.0 0.0 0.0 0.0 0.0 0.0 0.0 0.05 0.15 0.25 0.15 
206 0.0 0.0 0.0 0.0 0.0 0.0 0.0 0.0 0.0 0.0 0.0 0.0 0.0 0.0 0.0 0.0 0.0 0.0 0.1 0.1 0.25 
207 0.0 0.0 0.0 0.0 0.0 0.0 0.0 0.0 0.0 0.0 0.0 0.0 0.0 0.05 0.0 0.0 0.05 0.0 0.05 0.0 0.15 
208 0.0 0.0 0.0 0.0 0.0 0.0 0.0 0.0 0.0 0.0 0.0 0.0 0.0 0.0 0.0 0.05 0.0 0.05 0.0 0.15 0.05 
209 0.0 0.0 0.0 0.0 0.0 0.0 0.0 0.0 0.0 0.0 0.0 0.0 0.0 0.0 0.0 0.05 0.0 0.0 0.05 0.05 0.1 
210 0.0 0.0 0.0 0.0 0.0 0.0 0.0 0.0 0.0 0.0 0.0 0.0 0.0 0.0 0.1 0.0 0.0 0.05 0.05 0.0 0.1 
211 0.0 0.0 0.0 0.0 0.0 0.0 0.0 0.0 0.0 0.0 0.0 0.0 0.0 0.0 0.0 0.0 0.1 0.0 0.0 0.0 0.05 
212 0.0 0.0 0.0 0.0 0.0 0.0 0.0 0.0 0.0 0.0 0.0 0.0 0.0 0.0 0.0 0.0 0.0 0.1 0.0 0.05 0.0 
213 0.0 0.0 0.0 0.0 0.0 0.0 0.0 0.0 0.0 0.0 0.0 0.0 0.0 0.0 0.0 0.0 0.0 0.0 0.0 0.0 0.0 
214 0.0 0.0 0.0 0.0 0.0 0.0 0.0 0.0 0.0 0.0 0.0 0.0 0.0 0.0 0.0 0.0 0.0 0.0 0.0 0.0 0.0 
215 0.0 0.0 0.0 0.0 0.0 0.0 0.0 0.0 0.0 0.0 0.0 0.0 0.0 0.0 0.0 0.0 0.0 0.0 0.0 0.0 0.0 
216 0.0 0.0 0.0 0.0 0.0 0.0 0.0 0.0 0.0 0.0 0.0 0.0 0.0 0.0 0.0 0.0 0.0 0.0 0.0 0.0 0.0 
217 0.0 0.0 0.0 0.0 0.0 0.0 0.0 0.0 0.0 0.0 0.0 0.0 0.0 0.0 0.0 0.0 0.0 0.0 0.0 0.0 0.0 
218 0.0 0.0 0.0 0.0 0.0 0.0 0.0 0.0 0.0 0.0 0.0 0.0 0.0 0.0 0.0 0.0 0.0 0.0 0.0 0.0 0.0 
219 0.0 0.0 0.0 0.0 0.0 0.0 0.0 0.0 0.0 0.0 0.0 0.0 0.0 0.0 0.0 0.0 0.0 0.0 0.0 0.0 0.0 
220 0.0 0.0 0.0 0.0 0.0 0.0 0.0 0.0 0.0 0.0 0.0 0.0 0.0 0.0 0.0 0.0 0.0 0.0 0.0 0.0 0.0 
221 0.0 0.0 0.0 0.0 0.0 0.0 0.0 0.0 0.0 0.0 0.0 0.0 0.0 0.0 0.0 0.0 0.0 0.0 0.0 0.0 0.0 
222 0.0 0.0 0.0 0.0 0.0 0.0 0.0 0.0 0.0 0.0 0.0 0.0 0.0 0.0 0.0 0.0 0.0 0.0 0.0 0.0 0.0 
223 0.0 0.0 0.0 0.0 0.0 0.0 0.0 0.0 0.0 0.0 0.0 0.0 0.0 0.0 0.0 0.0 0.0 0.0 0.0 0.0 0.0 
224 0.0 0.0 0.0 0.0 0.0 0.0 0.0 0.0 0.0 0.0 0.0 0.0 0.0 0.0 0.0 0.0 0.0 0.0 0.0 0.0 0.0 
225 0.0 0.0 0.0 0.0 0.0 0.0 0.0 0.0 0.0 0.0 0.0 0.0 0.0 0.0 0.0 0.0 0.0 0.0 0.0 0.0 0.0 
226 0.0 0.0 0.0 0.0 0.0 0.0 0.0 0.0 0.0 0.0 0.0 0.0 0.0 0.0 0.0 0.0 0.0 0.0 0.0 0.0 0.0 
227 0.0 0.0 0.0 0.0 0.0 0.0 0.0 0.0 0.0 0.0 0.0 0.0 0.0 0.0 0.0 0.0 0.0 0.0 0.0 0.0 0.0 
228 0.0 0.0 0.0 0.0 0.0 0.0 0.0 0.0 0.0 0.0 0.0 0.0 0.0 0.0 0.0 0.0 0.0 0.0 0.0 0.0 0.0 
229 0.0 0.0 0.0 0.0 0.0 0.0 0.0 0.0 0.0 0.0 0.0 0.0 0.0 0.0 0.0 0.0 0.0 0.0 0.0 0.0 0.0 
230 0.0 0.0 0.0 0.0 0.0 0.0 0.0 0.0 0.0 0.0 0.0 0.0 0.0 0.0 0.0 0.0 0.0 0.0 0.0 0.0 0.0 
231 0.0 0.0 0.0 0.0 0.0 0.0 0.0 0.0 0.0 0.0 0.0 0.0 0.0 0.0 0.0 0.0 0.0 0.0 0.0 0.0 0.0 
232 0.0 0.0 0.0 0.0 0.0 0.0 0.0 0.0 0.0 0.0 0.0 0.0 0.0 0.0 0.0 0.0 0.0 0.0 0.0 0.0 0.0 
233 0.0 0.0 0.0 0.0 0.0 0.0 0.0 0.0 0.0 0.0 0.0 0.0 0.0 0.0 0.0 0.0 0.0 0.0 0.0 0.0 0.0 
234 0.0 0.0 0.0 0.0 0.0 0.0 0.0 0.0 0.0 0.0 0.0 0.0 0.0 0.0 0.0 0.0 0.0 0.0 0.0 0.0 0.0 
235 0.0 0.0 0.0 0.0 0.0 0.0 0.0 0.0 0.0 0.0 0.0 0.0 0.0 0.0 0.0 0.0 0.0 0.0 0.0 0.0 0.0 
236 0.0 0.0 0.0 0.0 0.0 0.0 0.0 0.0 0.0 0.0 0.0 0.0 0.0 0.0 0.0 0.0 0.0 0.0 0.0 0.0 0.0 
237 0.0 0.0 0.0 0.0 0.0 0.0 0.0 0.0 0.0 0.0 0.0 0.0 0.0 0.0 0.0 0.0 0.0 0.0 0.0 0.0 0.0 
238 0.0 0.0 0.0 0.0 0.0 0.0 0.0 0.0 0.0 0.0 0.0 0.0 0.0 0.0 0.0 0.0 0.0 0.0 0.0 0.0 0.0 
239 0.0 0.0 0.0 0.0 0.0 0.0 0.0 0.0 0.0 0.0 0.0 0.0 0.0 0.0 0.0 0.0 0.0 0.0 0.0 0.0 0.0 
240 0.0 0.0 0.0 0.0 0.0 0.0 0.0 0.0 0.0 0.0 0.0 0.0 0.0 0.0 0.0 0.0 0.0 0.0 0.0 0.0 0.0 
241 0.0 0.0 0.0 0.0 0.0 0.0 0.0 0.0 0.0 0.0 0.0 0.0 0.0 0.0 0.0 0.0 0.0 0.0 0.0 0.0 0.0 
242 0.0 0.0 0.0 0.0 0.0 0.0 0.0 0.0 0.0 0.0 0.0 0.0 0.0 0.0 0.0 0.0 0.0 0.0 0.0 0.0 0.0 
243 0.0 0.0 0.0 0.0 0.0 0.0 0.0 0.0 0.0 0.0 0.0 0.0 0.0 0.0 0.0 0.0 0.0 0.0 0.0 0.0 0.0 
244 0.0 0.0 0.0 0.0 0.0 0.0 0.0 0.0 0.0 0.0 0.0 0.0 0.0 0.0 0.0 0.0 0.0 0.0 0.0 0.0 0.0 
245 0.0 0.0 0.0 0.0 0.0 0.0 0.0 0.0 0.0 0.0 0.0 0.0 0.0 0.0 0.0 0.0 0.0 0.0 0.0 0.0 0.0 
246 0.0 0.0 0.0 0.0 0.0 0.0 0.0 0.0 0.0 0.0 0.0 0.0 0.0 0.0 0.0 0.0 0.0 0.0 0.0 0.0 0.0 
247 0.0 0.0 0.0 0.0 0.0 0.0 0.0 0.0 0.0 0.0 0.0 0.0 0.0 0.0 0.0 0.0 0.0 0.0 0.0 0.0 0.0 
248 0.0 0.0 0.0 0.0 0.0 0.0 0.0 0.0 0.0 0.0 0.0 0.0 0.0 0.0 0.0 0.0 0.0 0.0 0.0 0.0 0.0 
249 0.0 0.0 0.0 0.0 0.0 0.0 0.0 0.0 0.0 0.0 0.0 0.0 0.0 0.0 0.0 0.0 0.0 0.0 0.0 0.0 0.0 
250 0.0 0.0 0.0 0.0 0.0 0.0 0.0 0.0 0.0 0.0 0.0 0.0 0.0 0.0 0.0 0.0 0.0 0.0 0.0 0.0 0.0 
251 0.0 0.0 0.0 0.0 0.0 0.0 0.0 0.0 0.0 0.0 0.0 0.0 0.0 0.0 0.0 0.0 0.0 0.0 0.0 0.0 0.0 
252 0.0 0.0 0.0 0.0 0.0 0.0 0.0 0.0 0.0 0.0 0.0 0.0 0.0 0.0 0.0 0.0 0.0 0.0 0.0 0.0 0.0 
253 0.0 0.0 0.0 0.0 0.0 0.0 0.0 0.0 0.0 0.0 0.0 0.0 0.0 0.0 0.0 0.0 0.0 0.0 0.0 0.0 0.0 
254 0.0 0.0 0.0 0.0 0.0 0.0 0.0 0.0 0.0 0.0 0.0 0.0 0.0 0.0 0.0 0.0 0.0 0.0 0.0 0.0 0.0 
255 0.0 0.0 0.0 0.0 0.0 0.0 0.0 0.0 0.0 0.0 0.0 0.0 0.0 0.0 0.0 0.0 0.0 0.0 0.0 0.0 0.0 
256 0.0 0.0 0.0 0.0 0.0 0.0 0.0 0.0 0.0 0.0 0.0 0.0 0.0 0.0 0.0 0.0 0.0 0.0 0.0 0.0 0.0 
257 0.0 0.0 0.0 0.0 0.0 0.0 0.0 0.0 0.0 0.0 0.0 0.0 0.0 0.0 0.0 0.0 0.0 0.0 0.0 0.0 0.0 
258 0.0 0.0 0.0 0.0 0.0 0.0 0.0 0.0 0.0 0.0 0.0 0.0 0.0 0.0 0.0 0.0 0.0 0.0 0.0 0.0 0.0 
259 0.0 0.0 0.0 0.0 0.0 0.0 0.0 0.0 0.0 0.0 0.0 0.0 0.0 0.0 0.0 0.0 0.0 0.0 0.0 0.0 0.0 
260 0.0 0.0 0.0 0.0 0.0 0.0 0.0 0.0 0.0 0.0 0.0 0.0 0.0 0.0 0.0 0.0 0.0 0.0 0.0 0.0 0.0 
261 0.0 0.0 0.0 0.0 0.0 0.0 0.0 0.0 0.0 0.0 0.0 0.0 0.0 0.0 0.0 0.0 0.0 0.0 0.0 0.0 0.0 
262 0.0 0.0 0.0 0.0 0.0 0.0 0.0 0.0 0.0 0.0 0.0 0.0 0.0 0.0 0.0 0.0 0.0 0.0 0.0 0.0 0.0 
263 0.0 0.0 0.0 0.0 0.0 0.0 0.0 0.0 0.0 0.0 0.0 0.0 0.0 0.0 0.0 0.0 0.0 0.0 0.0 0.0 0.0 
264 0.0 0.0 0.0 0.0 0.0 0.0 0.0 0.0 0.0 0.0 0.0 0.0 0.0 0.0 0.0 0.0 0.0 0.0 0.0 0.0 0.0 
265 0.0 0.0 0.0 0.0 0.0 0.0 0.0 0.0 0.0 0.0 0.0 0.0 0.0 0.0 0.0 0.0 0.0 0.0 0.0 0.0 0.0 
266 0.0 0.0 0.0 0.0 0.0 0.0 0.0 0.0 0.0 0.0 0.0 0.0 0.0 0.0 0.0 0.0 0.0 0.0 0.0 0.0 0.0 
267 0.0 0.0 0.0 0.0 0.0 0.0 0.0 0.0 0.0 0.0 0.0 0.0 0.0 0.0 0.0 0.0 0.0 0.0 0.0 0.0 0.0 
268 0.0 0.0 0.0 0.0 0.0 0.0 0.0 0.0 0.0 0.0 0.0 0.0 0.0 0.0 0.0 0.0 0.0 0.0 0.0 0.0 0.0 
269 0.0 0.0 0.0 0.0 0.0 0.0 0.0 0.0 0.0 0.0 0.0 0.0 0.0 0.0 0.0 0.0 0.0 0.0 0.0 0.0 0.0 
270 0.0 0.0 0.0 0.0 0.0 0.0 0.0 0.0 0.0 0.0 0.0 0.0 0.0 0.0 0.0 0.0 0.0 0.0 0.0 0.0 0.0 
271 0.0 0.0 0.0 0.0 0.0 0.0 0.0 0.0 0.0 0.0 0.0 0.0 0.0 0.0 0.0 0.0 0.0 0.0 0.0 0.0 0.0 
272 0.0 0.0 0.0 0.0 0.0 0.0 0.0 0.0 0.0 0.0 0.0 0.0 0.0 0.0 0.0 0.0 0.0 0.0 0.0 0.0 0.0 
273 0.0 0.0 0.0 0.0 0.0 0.0 0.0 0.0 0.0 0.0 0.0 0.0 0.0 0.0 0.0 0.0 0.0 0.0 0.0 0.0 0.0 
274 0.0 0.0 0.0 0.0 0.0 0.0 0.0 0.0 0.0 0.0 0.0 0.0 0.0 0.0 0.0 0.0 0.0 0.0 0.0 0.0 0.0 
275 0.0 0.0 0.0 0.0 0.0 0.0 0.0 0.0 0.0 0.0 0.0 0.0 0.0 0.0 0.0 0.0 0.0 0.0 0.0 0.0 0.0 
276 0.0 0.0 0.0 0.0 0.0 0.0 0.0 0.0 0.0 0.0 0.0 0.0 0.0 0.0 0.0 0.0 0.0 0.0 0.0 0.0 0.0 
277 0.0 0.0 0.0 0.0 0.0 0.0 0.0 0.0 0.0 0.0 0.0 0.0 0.0 0.0 0.0 0.0 0.0 0.0 0.0 0.0 0.0 
278 0.0 0.0 0.0 0.0 0.0 0.0 0.0 0.0 0.0 0.0 0.0 0.0 0.0 0.0 0.0 0.0 0.0 0.0 0.0 0.0 0.0 
279 0.0 0.0 0.0 0.0 0.0 0.0 0.0 0.0 0.0 0.0 0.0 0.0 0.0 0.0 0.0 0.0 0.0 0.0 0.0 0.0 0.0 
280 0.0 0.0 0.0 0.0 0.0 0.0 0.0 0.0 0.0 0.0 0.0 0.0 0.0 0.0 0.0 0.0 0.0 0.0 0.0 0.0 0.0 
281 0.0 0.0 0.0 0.0 0.0 0.0 0.0 0.0 0.0 0.0 0.0 0.0 0.0 0.0 0.0 0.0 0.0 0.0 0.0 0.0 0.0 
282 0.0 0.0 0.0 0.0 0.0 0.0 0.0 0.0 0.0 0.0 0.0 0.0 0.0 0.0 0.0 0.0 0.0 0.0 0.0 0.0 0.0 
283 0.0 0.0 0.0 0.0 0.0 0.0 0.0 0.0 0.0 0.0 0.0 0.0 0.0 0.0 0.0 0.0 0.0 0.0 0.0 0.0 0.0 
284 0.0 0.0 0.0 0.0 0.0 0.0 0.0 0.0 0.0 0.0 0.0 0.0 0.0 0.0 0.0 0.0 0.0 0.0 0.0 0.0 0.0 
285 0.0 0.0 0.0 0.0 0.0 0.0 0.0 0.0 0.0 0.0 0.0 0.0 0.0 0.0 0.0 0.0 0.0 0.0 0.0 0.0 0.0 
286 0.0 0.0 0.0 0.0 0.0 0.0 0.0 0.0 0.0 0.0 0.0 0.0 0.0 0.0 0.0 0.0 0.0 0.0 0.0 0.0 0.0 
287 0.0 0.0 0.0 0.0 0.0 0.0 0.0 0.0 0.0 0.0 0.0 0.0 0.0 0.0 0.0 0.0 0.0 0.0 0.0 0.0 0.0 
288 0.0 0.0 0.0 0.0 0.0 0.0 0.0 0.0 0.0 0.0 0.0 0.0 0.0 0.0 0.0 0.0 0.0 0.0 0.0 0.0 0.0 
289 0.0 0.0 0.0 0.0 0.0 0.0 0.0 0.0 0.0 0.0 0.0 0.0 0.0 0.0 0.0 0.0 0.0 0.0 0.0 0.0 0.0 
290 0.0 0.0 0.0 0.0 0.0 0.0 0.0 0.0 0.0 0.0 0.0 0.0 0.0 0.0 0.0 0.0 0.0 0.0 0.0 0.0 0.0 
291 0.0 0.0 0.0 0.0 0.0 0.0 0.0 0.0 0.0 0.0 0.0 0.0 0.0 0.0 0.0 0.0 0.0 0.0 0.0 0.0 0.0 
292 0.0 0.0 0.0 0.0 0.0 0.0 0.0 0.0 0.0 0.0 0.0 0.0 0.0 0.0 0.0 0.0 0.0 0.0 0.0 0.0 0.0 
293 0.0 0.0 0.0 0.0 0.0 0.0 0.0 0.0 0.0 0.0 0.0 0.0 0.0 0.0 0.0 0.0 0.0 0.0 0.0 0.0 0.0 
294 0.0 0.0 0.0 0.0 0.0 0.0 0.0 0.0 0.0 0.0 0.0 0.0 0.0 0.0 0.0 0.0 0.0 0.0 0.0 0.0 0.0 
295 0.0 0.0 0.0 0.0 0.0 0.0 0.0 0.0 0.0 0.0 0.0 0.0 0.0 0.0 0.0 0.0 0.0 0.0 0.0 0.0 0.0 
296 0.0 0.0 0.0 0.0 0.0 0.0 0.0 0.0 0.0 0.0 0.0 0.0 0.0 0.0 0.0 0.0 0.0 0.0 0.0 0.0 0.0 
297 0.0 0.0 0.0 0.0 0.0 0.0 0.0 0.0 0.0 0.0 0.0 0.0 0.0 0.0 0.0 0.0 0.0 0.0 0.0 0.0 0.0 
298 0.0 0.0 0.0 0.0 0.0 0.0 0.0 0.0 0.0 0.0 0.0 0.0 0.0 0.0 0.0 0.0 0.0 0.0 0.0 0.0 0.0 
299 0.0 0.0 0.0 0.0 0.0 0.0 0.0 0.0 0.0 0.0 0.0 0.0 0.0 0.0 0.0 0.0 0.0 0.0 0.0 0.0 0.0 
300 0.0 0.0 0.0 0.0 0.0 0.0 0.0 0.0 0.0 0.0 0.0 0.0 0.0 0.0 0.0 0.0 0.0 0.0 0.0 0.0 0.0 
301 0.0 0.0 0.0 0.0 0.0 0.0 0.0 0.0 0.0 0.0 0.0 0.0 0.0 0.0 0.0 0.0 0.0 0.0 0.0 0.0 0.0 
302 0.0 0.0 0.0 0.0 0.0 0.0 0.0 0.0 0.0 0.0 0.0 0.0 0.0 0.0 0.0 0.0 0.0 0.0 0.0 0.0 0.0 
303 0.0 0.0 0.0 0.0 0.0 0.0 0.0 0.0 0.0 0.0 0.0 0.0 0.0 0.0 0.0 0.0 0.0 0.0 0.0 0.0 0.0 
304 0.0 0.0 0.0 0.0 0.0 0.0 0.0 0.0 0.0 0.0 0.0 0.0 0.0 0.0 0.0 0.0 0.0 0.0 0.0 0.0 0.0 
305 0.0 0.0 0.0 0.0 0.0 0.0 0.0 0.0 0.0 0.0 0.0 0.0 0.0 0.0 0.0 0.0 0.0 0.0 0.0 0.0 0.0 
306 0.0 0.0 0.0 0.0 0.0 0.0 0.0 0.0 0.0 0.0 0.0 0.0 0.0 0.0 0.0 0.0 0.0 0.0 0.0 0.0 0.0 
307 0.0 0.0 0.0 0.0 0.0 0.0 0.0 0.0 0.0 0.0 0.0 0.0 0.0 0.0 0.0 0.0 0.0 0.0 0.0 0.0 0.0 
308 0.0 0.0 0.0 0.0 0.0 0.0 0.0 0.0 0.0 0.0 0.0 0.0 0.0 0.0 0.0 0.0 0.0 0.0 0.0 0.0 0.0 
309 0.0 0.0 0.0 0.0 0.0 0.0 0.0 0.0 0.0 0.0 0.0 0.0 0.0 0.0 0.0 0.0 0.0 0.0 0.0 0.0 0.0 
310 0.0 0.0 0.0 0.0 0.0 0.0 0.0 0.0 0.0 0.0 0.0 0.0 0.0 0.0 0.0 0.0 0.0 0.0 0.0 0.0 0.0 
311 0.0 0.0 0.0 0.0 0.0 0.0 0.0 0.0 0.0 0.0 0.0 0.0 0.0 0.0 0.0 0.0 0.0 0.0 0.0 0.0 0.0 
312 0.0 0.0 0.0 0.0 0.0 0.0 0.0 0.0 0.0 0.0 0.0 0.0 0.0 0.0 0.0 0.0 0.0 0.0 0.0 0.0 0.0 
313 0.0 0.0 0.0 0.0 0.0 0.0 0.0 0.0 0.0 0.0 0.0 0.0 0.0 0.0 0.0 0.0 0.0 0.0 0.0 0.0 0.0 
314 0.0 0.0 0.0 0.0 0.0 0.0 0.0 0.0 0.0 0.0 0.0 0.0 0.0 0.0 0.0 0.0 0.0 0.0 0.0 0.0 0.0 
315 0.0 0.0 0.0 0.0 0.0 0.0 0.0 0.0 0.0 0.0 0.0 0.0 0.0 0.0 0.0 0.0 0.0 0.0 0.0 0.0 0.0 
316 0.0 0.0 0.0 0.0 0.0 0.0 0.0 0.0 0.0 0.0 0.0 0.0 0.0 0.0 0.0 0.0 0.0 0.0 0.0 0.0 0.0 
317 0.0 0.0 0.0 0.0 0.0 0.0 0.0 0.0 0.0 0.0 0.0 0.0 0.0 0.0 0.0 0.0 0.0 0.0 0.0 0.0 0.0 
318 0.0 0.0 0.0 0.0 0.0 0.0 0.0 0.0 0.0 0.0 0.0 0.0 0.0 0.0 0.0 0.0 0.0 0.0 0.0 0.0 0.0 
319 0.0 0.0 0.0 0.0 0.0 0.0 0.0 0.0 0.0 0.0 0.0 0.0 0.0 0.0 0.0 0.0 0.0 0.0 0.0 0.0 0.0 
320 0.0 0.0 0.0 0.0 0.0 0.0 0.0 0.0 0.0 0.0 0.0 0.0 0.0 0.0 0.0 0.0 0.0 0.0 0.0 0.0 0.0 
321 0.0 0.0 0.0 0.0 0.0 0.0 0.0 0.0 0.0 0.0 0.0 0.0 0.0 0.0 0.0 0.0 0.0 0.0 0.0 0.0 0.0 
322 0.0 0.0 0.0 0.0 0.0 0.0 0.0 0.0 0.0 0.0 0.0 0.0 0.0 0.0 0.0 0.0 0.0 0.0 0.0 0.0 0.0 
323 0.0 0.0 0.0 0.0 0.0 0.0 0.0 0.0 0.0 0.0 0.0 0.0 0.0 0.0 0.0 0.0 0.0 0.0 0.0 0.0 0.0 
324 0.0 0.0 0.0 0.0 0.0 0.0 0.0 0.0 0.0 0.0 0.0 0.0 0.0 0.0 0.0 0.0 0.0 0.0 0.0 0.0 0.0 
325 0.0 0.0 0.0 0.0 0.0 0.0 0.0 0.0 0.0 0.0 0.0 0.0 0.0 0.0 0.0 0.0 0.0 0.0 0.0 0.0 0.0 
326 0.0 0.0 0.0 0.0 0.0 0.0 0.0 0.0 0.0 0.0 0.0 0.0 0.0 0.0 0.0 0.0 0.0 0.0 0.0 0.0 0.0 
327 0.0 0.0 0.0 0.0 0.0 0.0 0.0 0.0 0.0 0.0 0.0 0.0 0.0 0.0 0.0 0.0 0.0 0.0 0.0 0.0 0.0 
328 0.0 0.0 0.0 0.0 0.0 0.0 0.0 0.0 0.0 0.0 0.0 0.0 0.0 0.0 0.0 0.0 0.0 0.0 0.0 0.0 0.0 
329 0.0 0.0 0.0 0.0 0.0 0.0 0.0 0.0 0.0 0.0 0.0 0.0 0.0 0.0 0.0 0.0 0.0 0.0 0.0 0.0 0.0 
330 0.0 0.0 0.0 0.0 0.0 0.0 0.0 0.0 0.0 0.0 0.0 0.0 0.0 0.0 0.0 0.0 0.0 0.0 0.0 0.0 0.0 
331 0.0 0.0 0.0 0.0 0.0 0.0 0.0 0.0 0.0 0.0 0.0 0.0 0.0 0.0 0.0 0.0 0.0 0.0 0.0 0.0 0.0 
332 0.0 0.0 0.0 0.0 0.0 0.0 0.0 0.0 0.0 0.0 0.0 0.0 0.0 0.0 0.0 0.0 0.0 0.0 0.0 0.0 0.0 
333 0.0 0.0 0.0 0.0 0.0 0.0 0.0 0.0 0.0 0.0 0.0 0.0 0.0 0.0 0.0 0.0 0.0 0.0 0.0 0.0 0.0 
334 0.0 0.0 0.0 0.0 0.0 0.0 0.0 0.0 0.0 0.0 0.0 0.0 0.0 0.0 0.0 0.0 0.0 0.0 0.0 0.0 0.0 
335 0.0 0.0 0.0 0.0 0.0 0.0 0.0 0.0 0.0 0.0 0.0 0.0 0.0 0.0 0.0 0.0 0.0 0.0 0.0 0.0 0.0 
336 0.0 0.0 0.0 0.0 0.0 0.0 0.0 0.0 0.0 0.0 0.0 0.0 0.0 0.0 0.0 0.0 0.0 0.0 0.0 0.0 0.0 
337 0.0 0.0 0.0 0.0 0.0 0.0 0.0 0.0 0.0 0.0 0.0 0.0 0.0 0.0 0.0 0.0 0.0 0.0 0.0 0.0 0.0 
338 0.0 0.0 0.0 0.0 0.0 0.0 0.0 0.0 0.0 0.0 0.0 0.0 0.0 0.0 0.0 0.0 0.0 0.0 0.0 0.0 0.0 
339 0.0 0.0 0.0 0.0 0.0 0.0 0.0 0.0 0.0 0.0 0.0 0.0 0.0 0.0 0.0 0.0 0.0 0.0 0.0 0.0 0.0 
340 0.0 0.0 0.0 0.0 0.0 0.0 0.0 0.0 0.0 0.0 0.0 0.0 0.0 0.0 0.0 0.0 0.0 0.0 0.0 0.0 0.0 
341 0.0 0.0 0.0 0.0 0.0 0.0 0.0 0.0 0.0 0.0 0.0 0.0 0.0 0.0 0.0 0.0 0.0 0.0 0.0 0.0 0.0 
342 0.0 0.0 0.0 0.0 0.0 0.0 0.0 0.0 0.0 0.0 0.0 0.0 0.0 0.0 0.0 0.0 0.0 0.0 0.0 0.0 0.0 
343 0.0 0.0 0.0 0.0 0.0 0.0 0.0 0.0 0.0 0.0 0.0 0.0 0.0 0.0 0.0 0.0 0.0 0.0 0.0 0.0 0.0 
344 0.0 0.0 0.0 0.0 0.0 0.0 0.0 0.0 0.0 0.0 0.0 0.0 0.0 0.0 0.0 0.0 0.0 0.0 0.0 0.0 0.0 
345 0.0 0.0 0.0 0.0 0.0 0.0 0.0 0.0 0.0 0.0 0.0 0.0 0.0 0.0 0.0 0.0 0.0 0.0 0.0 0.0 0.0 
346 0.0 0.0 0.0 0.0 0.0 0.0 0.0 0.0 0.0 0.0 0.0 0.0 0.0 0.0 0.0 0.0 0.0 0.0 0.0 0.0 0.0 
347 0.0 0.0 0.0 0.0 0.0 0.0 0.0 0.0 0.0 0.0 0.0 0.0 0.0 0.0 0.0 0.0 0.0 0.0 0.0 0.0 0.0 
348 0.0 0.0 0.0 0.0 0.0 0.0 0.0 0.0 0.0 0.0 0.0 0.0 0.0 0.0 0.0 0.0 0.0 0.0 0.0 0.0 0.0 
349 0.0 0.0 0.0 0.0 0.0 0.0 0.0 0.0 0.0 0.0 0.0 0.0 0.0 0.0 0.0 0.0 0.0 0.0 0.0 0.0 0.0 
350 0.0 0.0 0.0 0.0 0.0 0.0 0.0 0.0 0.0 0.0 0.0 0.0 0.0 0.0 0.0 0.0 0.0 0.0 0.0 0.0 0.0 
351 0.0 0.0 0.0 0.0 0.0 0.0 0.0 0.0 0.0 0.0 0.0 0.0 0.0 0.0 0.0 0.0 0.0 0.0 0.0 0.0 0.0 
352 0.0 0.0 0.0 0.0 0.0 0.0 0.0 0.0 0.0 0.0 0.0 0.0 0.0 0.0 0.0 0.0 0.0 0.0 0.0 0.0 0.0 
353 0.0 0.0 0.0 0.0 0.0 0.0 0.0 0.0 0.0 0.0 0.0 0.0 0.0 0.0 0.0 0.0 0.0 0.0 0.0 0.0 0.0 
354 0.0 0.0 0.0 0.0 0.0 0.0 0.0 0.0 0.0 0.0 0.0 0.0 0.0 0.0 0.0 0.0 0.0 0.0 0.0 0.0 0.0 
355 0.0 0.0 0.0 0.0 0.0 0.0 0.0 0.0 0.0 0.0 0.0 0.0 0.0 0.0 0.0 0.0 0.0 0.0 0.0 0.0 0.0 
356 0.0 0.0 0.0 0.0 0.0 0.0 0.0 0.0 0.0 0.0 0.0 0.0 0.0 0.0 0.0 0.0 0.0 0.0 0.0 0.0 0.0 
357 0.0 0.0 0.0 0.0 0.0 0.0 0.0 0.0 0.0 0.0 0.0 0.0 0.0 0.0 0.0 0.0 0.0 0.0 0.0 0.0 0.0 
358 0.0 0.0 0.0 0.0 0.0 0.0 0.0 0.0 0.0 0.0 0.0 0.0 0.0 0.0 0.0 0.0 0.0 0.0 0.0 0.0 0.0 
359 0.0 0.0 0.0 0.0 0.0 0.0 0.0 0.0 0.0 0.0 0.0 0.0 0.0 0.0 0.0 0.0 0.0 0.0 0.0 0.0 0.0 
360 0.0 0.0 0.0 0.0 0.0 0.0 0.0 0.0 0.0 0.0 0.0 0.0 0.0 0.0 0.0 0.0 0.0 0.0 0.0 0.0 0.0 
361 0.0 0.0 0.0 0.0 0.0 0.0 0.0 0.0 0.0 0.0 0.0 0.0 0.0 0.0 0.0 0.0 0.0 0.0 0.0 0.0 0.0 
362 0.0 0.0 0.0 0.0 0.0 0.0 0.0 0.0 0.0 0.0 0.0 0.0 0.0 0.0 0.0 0.0 0.0 0.0 0.0 0.0 0.0 
363 0.0 0.0 0.0 0.0 0.0 0.0 0.0 0.0 0.0 0.0 0.0 0.0 0.0 0.0 0.0 0.0 0.0 0.0 0.0 0.0 0.0 
364 0.0 0.0 0.0 0.0 0.0 0.0 0.0 0.0 0.0 0.0 0.0 0.0 0.0 0.0 0.0 0.0 0.0 0.0 0.0 0.0 0.0 
365 0.0 0.0 0.0 0.0 0.0 0.0 0.0 0.0 0.0 0.0 0.0 0.0 0.0 0.0 0.0 0.0 0.0 0.0 0.0 0.0 0.0 
366 0.0 0.0 0.0 0.0 0.0 0.0 0.0 0.0 0.0 0.0 0.0 0.0 0.0 0.0 0.0 0.0 0.0 0.0 0.0 0.0 0.0 
367 0.0 0.0 0.0 0.0 0.0 0.0 0.0 0.0 0.0 0.0 0.0 0.0 0.0 0.0 0.0 0.0 0.0 0.0 0.0 0.0 0.0 
368 0.0 0.0 0.0 0.0 0.0 0.0 0.0 0.0 0.0 0.0 0.0 0.0 0.0 0.0 0.0 0.0 0.0 0.0 0.0 0.0 0.0 
369 0.0 0.0 0.0 0.0 0.0 0.0 0.0 0.0 0.0 0.0 0.0 0.0 0.0 0.0 0.0 0.0 0.0 0.0 0.0 0.0 0.0 
370 0.0 0.0 0.0 0.0 0.0 0.0 0.0 0.0 0.0 0.0 0.0 0.0 0.0 0.0 0.0 0.0 0.0 0.0 0.0 0.0 0.0 
371 0.0 0.0 0.0 0.0 0.0 0.0 0.0 0.0 0.0 0.0 0.0 0.0 0.0 0.0 0.0 0.0 0.0 0.0 0.0 0.0 0.0 
372 0.0 0.0 0.0 0.0 0.0 0.0 0.0 0.0 0.0 0.0 0.0 0.0 0.0 0.0 0.0 0.0 0.0 0.0 0.0 0.0 0.0 
373 0.0 0.0 0.0 0.0 0.0 0.0 0.0 0.0 0.0 0.0 0.0 0.0 0.0 0.0 0.0 0.0 0.0 0.0 0.0 0.0 0.0 
374 0.0 0.0 0.0 0.0 0.0 0.0 0.0 0.0 0.0 0.0 0.0 0.0 0.0 0.0 0.0 0.0 0.0 0.0 0.0 0.0 0.0 
375 0.0 0.0 0.0 0.0 0.0 0.0 0.0 0.0 0.0 0.0 0.0 0.0 0.0 0.0 0.0 0.0 0.0 0.0 0.0 0.0 0.0 
376 0.0 0.0 0.0 0.0 0.0 0.0 0.0 0.0 0.0 0.0 0.0 0.0 0.0 0.0 0.0 0.0 0.0 0.0 0.0 0.0 0.0 
377 0.0 0.0 0.0 0.0 0.0 0.0 0.0 0.0 0.0 0.0 0.0 0.0 0.0 0.0 0.0 0.0 0.0 0.0 0.0 0.0 0.0 
378 0.0 0.0 0.0 0.0 0.0 0.0 0.0 0.0 0.0 0.0 0.0 0.0 0.0 0.0 0.0 0.0 0.0 0.0 0.0 0.0 0.0 
379 0.0 0.0 0.0 0.0 0.0 0.0 0.0 0.0 0.0 0.0 0.0 0.0 0.0 0.0 0.0 0.0 0.0 0.0 0.0 0.0 0.0 
380 0.0 0.0 0.0 0.0 0.0 0.0 0.0 0.0 0.0 0.0 0.0 0.0 0.0 0.0 0.0 0.0 0.0 0.0 0.0 0.0 0.0 
381 0.0 0.0 0.0 0.0 0.0 0.0 0.0 0.0 0.0 0.0 0.0 0.0 0.0 0.0 0.0 0.0 0.0 0.0 0.0 0.0 0.0 
382 0.0 0.0 0.0 0.0 0.0 0.0 0.0 0.0 0.0 0.0 0.0 0.0 0.0 0.0 0.0 0.0 0.0 0.0 0.0 0.0 0.0 
383 0.0 0.0 0.0 0.0 0.0 0.0 0.0 0.0 0.0 0.0 0.0 0.0 0.0 0.0 0.0 0.0 0.0 0.0 0.0 0.0 0.0 
384 0.0 0.0 0.0 0.0 0.0 0.0 0.0 0.0 0.0 0.0 0.0 0.0 0.0 0.0 0.0 0.0 0.0 0.0 0.0 0.0 0.0 
385 0.0 0.0 0.0 0.0 0.0 0.0 0.0 0.0 0.0 0.0 0.0 0.0 0.0 0.0 0.0 0.0 0.0 0.0 0.0 0.0 0.0 
386 0.0 0.0 0.0 0.0 0.0 0.0 0.0 0.0 0.0 0.0 0.0 0.0 0.0 0.0 0.0 0.0 0.0 0.0 0.0 0.0 0.0 
387 0.0 0.0 0.0 0.0 0.0 0.0 0.0 0.0 0.0 0.0 0.0 0.0 0.0 0.0 0.0 0.0 0.0 0.0 0.0 0.0 0.0 
388 0.0 0.0 0.0 0.0 0.0 0.0 0.0 0.0 0.0 0.0 0.0 0.0 0.0 0.0 0.0 0.0 0.0 0.0 0.0 0.0 0.0 
389 0.0 0.0 0.0 0.0 0.0 0.0 0.0 0.0 0.0 0.0 0.0 0.0 0.0 0.0 0.0 0.0 0.0 0.0 0.0 0.0 0.0 
390 0.0 0.0 0.0 0.0 0.0 0.0 0.0 0.0 0.0 0.0 0.0 0.0 0.0 0.0 0.0 0.0 0.0 0.0 0.0 0.0 0.0 
391 0.0 0.0 0.0 0.0 0.0 0.0 0.0 0.0 0.0 0.0 0.0 0.0 0.0 0.0 0.0 0.0 0.0 0.0 0.0 0.0 0.0 
392 0.0 0.0 0.0 0.0 0.0 0.0 0.0 0.0 0.0 0.0 0.0 0.0 0.0 0.0 0.0 0.0 0.0 0.0 0.0 0.0 0.0 
393 0.0 0.0 0.0 0.0 0.0 0.0 0.0 0.0 0.0 0.0 0.0 0.0 0.0 0.0 0.0 0.0 0.0 0.0 0.0 0.0 0.0 
394 0.0 0.0 0.0 0.0 0.0 0.0 0.0 0.0 0.0 0.0 0.0 0.0 0.0 0.0 0.0 0.0 0.0 0.0 0.0 0.0 0.0 
395 0.0 0.0 0.0 0.0 0.0 0.0 0.0 0.0 0.0 0.0 0.0 0.0 0.0 0.0 0.0 0.0 0.0 0.0 0.0 0.0 0.0 
396 0.0 0.0 0.0 0.0 0.0 0.0 0.0 0.0 0.0 0.0 0.0 0.0 0.0 0.0 0.0 0.0 0.0 0.0 0.0 0.0 0.0 
397 0.0 0.0 0.0 0.0 0.0 0.0 0.0 0.0 0.0 0.0 0.0 0.0 0.0 0.0 0.0 0.0 0.0 0.0 0.0 0.0 0.0 
398 0.0 0.0 0.0 0.0 0.0 0.0 0.0 0.0 0.0 0.0 0.0 0.0 0.0 0.0 0.0 0.0 0.0 0.0 0.0 0.0 0.0 
399 0.0 0.0 0.0 0.0 0.0 0.0 0.0 0.0 0.0 0.0 0.0 0.0 0.0 0.0 0.0 0.0 0.0 0.0 0.0 0.0 0.0 
400 0.0 0.0 0.0 0.0 0.0 0.0 0.0 0.0 0.0 0.0 0.0 0.0 0.0 0.0 0.0 0.0 0.0 0.0 0.0 0.0 0.0 
401 0.0 0.0 0.0 0.0 0.0 0.0 0.0 0.0 0.0 0.0 0.0 0.0 0.0 0.0 0.0 0.0 0.0 0.0 0.0 0.0 0.0 
402 0.0 0.0 0.0 0.0 0.0 0.0 0.0 0.0 0.0 0.0 0.0 0.0 0.0 0.0 0.0 0.0 0.0 0.0 0.0 0.0 0.0 
403 0.0 0.0 0.0 0.0 0.0 0.0 0.0 0.0 0.0 0.0 0.0 0.0 0.0 0.0 0.0 0.0 0.0 0.0 0.0 0.0 0.0 
404 0.0 0.0 0.0 0.0 0.0 0.0 0.0 0.0 0.0 0.0 0.0 0.0 0.0 0.0 0.0 0.0 0.0 0.0 0.0 0.0 0.0 
405 0.0 0.0 0.0 0.0 0.0 0.0 0.0 0.0 0.0 0.0 0.0 0.0 0.0 0.0 0.0 0.0 0.0 0.0 0.0 0.0 0.0 
406 0.0 0.0 0.0 0.0 0.0 0.0 0.0 0.0 0.0 0.0 0.0 0.0 0.0 0.0 0.0 0.0 0.0 0.0 0.0 0.0 0.0 
407 0.0 0.0 0.0 0.0 0.0 0.0 0.0 0.0 0.0 0.0 0.0 0.0 0.0 0.0 0.0 0.0 0.0 0.0 0.0 0.0 0.0 
408 0.0 0.0 0.0 0.0 0.0 0.0 0.0 0.0 0.0 0.0 0.0 0.0 0.0 0.0 0.0 0.0 0.0 0.0 0.0 0.0 0.0 
409 0.0 0.0 0.0 0.0 0.0 0.0 0.0 0.0 0.0 0.0 0.0 0.0 0.0 0.0 0.0 0.0 0.0 0.0 0.0 0.0 0.0 
410 0.0 0.0 0.0 0.0 0.0 0.0 0.0 0.0 0.0 0.0 0.0 0.0 0.0 0.0 0.0 0.0 0.0 0.0 0.0 0.0 0.0 
411 0.0 0.0 0.0 0.0 0.0 0.0 0.0 0.0 0.0 0.0 0.0 0.0 0.0 0.0 0.0 0.0 0.0 0.0 0.0 0.0 0.0 
412 0.0 0.0 0.0 0.0 0.0 0.0 0.0 0.0 0.0 0.0 0.0 0.0 0.0 0.0 0.0 0.0 0.0 0.0 0.0 0.0 0.0 
413 0.0 0.0 0.0 0.0 0.0 0.0 0.0 0.0 0.0 0.0 0.0 0.0 0.0 0.0 0.0 0.0 0.0 0.0 0.0 0.0 0.0 
414 0.0 0.0 0.0 0.0 0.0 0.0 0.0 0.0 0.0 0.0 0.0 0.0 0.0 0.0 0.0 0.0 0.0 0.0 0.0 0.0 0.0 
415 0.0 0.0 0.0 0.0 0.0 0.0 0.0 0.0 0.0 0.0 0.0 0.0 0.0 0.0 0.0 0.0 0.0 0.0 0.0 0.0 0.0 
416 0.0 0.0 0.0 0.0 0.0 0.0 0.0 0.0 0.0 0.0 0.0 0.0 0.0 0.0 0.0 0.0 0.0 0.0 0.0 0.0 0.0 
417 0.0 0.0 0.0 0.0 0.0 0.0 0.0 0.0 0.0 0.0 0.0 0.0 0.0 0.0 0.0 0.0 0.0 0.0 0.0 0.0 0.0 
418 0.0 0.0 0.0 0.0 0.0 0.0 0.0 0.0 0.0 0.0 0.0 0.0 0.0 0.0 0.0 0.0 0.0 0.0 0.0 0.0 0.0 
419 0.0 0.0 0.0 0.0 0.0 0.0 0.0 0.0 0.0 0.0 0.0 0.0 0.0 0.0 0.0 0.0 0.0 0.0 0.0 0.0 0.0 
420 0.0 0.0 0.0 0.0 0.0 0.0 0.0 0.0 0.0 0.0 0.0 0.0 0.0 0.0 0.0 0.0 0.0 0.0 0.0 0.0 0.0 
421 0.0 0.0 0.0 0.0 0.0 0.0 0.0 0.0 0.0 0.0 0.0 0.0 0.0 0.0 0.0 0.0 0.0 0.0 0.0 0.0 0.0 
422 0.0 0.0 0.0 0.0 0.0 0.0 0.0 0.0 0.0 0.0 0.0 0.0 0.0 0.0 0.0 0.0 0.0 0.0 0.0 0.0 0.0 
423 0.0 0.0 0.0 0.0 0.0 0.0 0.0 0.0 0.0 0.0 0.0 0.0 0.0 0.0 0.0 0.0 0.0 0.0 0.0 0.0 0.0 
424 0.0 0.0 0.0 0.0 0.0 0.0 0.0 0.0 0.0 0.0 0.0 0.0 0.0 0.0 0.0 0.0 0.0 0.0 0.0 0.0 0.0 
425 0.0 0.0 0.0 0.0 0.0 0.0 0.0 0.0 0.0 0.0 0.0 0.0 0.0 0.0 0.0 0.0 0.0 0.0 0.0 0.0 0.0 
426 0.0 0.0 0.0 0.0 0.0 0.0 0.0 0.0 0.0 0.0 0.0 0.0 0.0 0.0 0.0 0.0 0.0 0.0 0.0 0.0 0.0 
427 0.0 0.0 0.0 0.0 0.0 0.0 0.0 0.0 0.0 0.0 0.0 0.0 0.0 0.0 0.0 0.0 0.0 0.0 0.0 0.0 0.0 
428 0.0 0.0 0.0 0.0 0.0 0.0 0.0 0.0 0.0 0.0 0.0 0.0 0.0 0.0 0.0 0.0 0.0 0.0 0.0 0.0 0.0 
429 0.0 0.0 0.0 0.0 0.0 0.0 0.0 0.0 0.0 0.0 0.0 0.0 0.0 0.0 0.0 0.0 0.0 0.0 0.0 0.0 0.0 
430 0.0 0.0 0.0 0.0 0.0 0.0 0.0 0.0 0.0 0.0 0.0 0.0 0.0 0.0 0.0 0.0 0.0 0.0 0.0 0.0 0.0 
431 0.0 0.0 0.0 0.0 0.0 0.0 0.0 0.0 0.0 0.0 0.0 0.0 0.0 0.0 0.0 0.0 0.0 0.0 0.0 0.0 0.0 
432 0.0 0.0 0.0 0.0 0.0 0.0 0.0 0.0 0.0 0.0 0.0 0.0 0.0 0.0 0.0 0.0 0.0 0.0 0.0 0.0 0.0 
433 0.0 0.0 0.0 0.0 0.0 0.0 0.0 0.0 0.0 0.0 0.0 0.0 0.0 0.0 0.0 0.0 0.0 0.0 0.0 0.0 0.0 
434 0.0 0.0 0.0 0.0 0.0 0.0 0.0 0.0 0.0 0.0 0.0 0.0 0.0 0.0 0.0 0.0 0.0 0.0 0.0 0.0 0.0 
435 0.0 0.0 0.0 0.0 0.0 0.0 0.0 0.0 0.0 0.0 0.0 0.0 0.0 0.0 0.0 0.0 0.0 0.0 0.0 0.0 0.0 
436 0.0 0.0 0.0 0.0 0.0 0.0 0.0 0.0 0.0 0.0 0.0 0.0 0.0 0.0 0.0 0.0 0.0 0.0 0.0 0.0 0.0 
437 0.0 0.0 0.0 0.0 0.0 0.0 0.0 0.0 0.0 0.0 0.0 0.0 0.0 0.0 0.0 0.0 0.0 0.0 0.0 0.0 0.0 
438 0.0 0.0 0.0 0.0 0.0 0.0 0.0 0.0 0.0 0.0 0.0 0.0 0.0 0.0 0.0 0.0 0.0 0.0 0.0 0.0 0.0 
439 0.0 0.0 0.0 0.0 0.0 0.0 0.0 0.0 0.0 0.0 0.0 0.0 0.0 0.0 0.0 0.0 0.0 0.0 0.0 0.0 0.0 
440 0.0 0.0 0.0 0.0 0.0 0.0 0.0 0.0 0.0 0.0 0.0 0.0 0.0 0.0 0.0 0.0 0.0 0.0 0.0 0.0 0.0 
441 0.0 0.0 0.0 0.0 0.0 0.0 0.0 0.0 0.0 0.0 0.0 0.0 0.0 0.0 0.0 0.0 0.0 0.0 0.0 0.0 0.0 
442 0.0 0.0 0.0 0.0 0.0 0.0 0.0 0.0 0.0 0.0 0.0 0.0 0.0 0.0 0.0 0.0 0.0 0.0 0.0 0.0 0.0 
443 0.0 0.0 0.0 0.0 0.0 0.0 0.0 0.0 0.0 0.0 0.0 0.0 0.0 0.0 0.0 0.0 0.0 0.0 0.0 0.0 0.0 
444 0.0 0.0 0.0 0.0 0.0 0.0 0.0 0.0 0.0 0.0 0.0 0.0 0.0 0.0 0.0 0.0 0.0 0.0 0.0 0.0 0.0 
445 0.0 0.0 0.0 0.0 0.0 0.0 0.0 0.0 0.0 0.0 0.0 0.0 0.0 0.0 0.0 0.0 0.0 0.0 0.0 0.0 0.0 
446 0.0 0.0 0.0 0.0 0.0 0.0 0.0 0.0 0.0 0.0 0.0 0.0 0.0 0.0 0.0 0.0 0.0 0.0 0.0 0.0 0.0 
447 0.0 0.0 0.0 0.0 0.0 0.0 0.0 0.0 0.0 0.0 0.0 0.0 0.0 0.0 0.0 0.0 0.0 0.0 0.0 0.0 0.0 
448 0.0 0.0 0.0 0.0 0.0 0.0 0.0 0.0 0.0 0.0 0.0 0.0 0.0 0.0 0.0 0.0 0.0 0.0 0.0 0.0 0.0 
449 0.0 0.0 0.0 0.0 0.0 0.0 0.0 0.0 0.0 0.0 0.0 0.0 0.0 0.0 0.0 0.0 0.0 0.0 0.0 0.0 0.0 
450 0.0 0.0 0.0 0.0 0.0 0.0 0.0 0.0 0.0 0.0 0.0 0.0 0.0 0.0 0.0 0.0 0.0 0.0 0.0 0.0 0.0 
451 0.0 0.0 0.0 0.0 0.0 0.0 0.0 0.0 0.0 0.0 0.0 0.0 0.0 0.0 0.0 0.0 0.0 0.0 0.0 0.0 0.0 
452 0.0 0.0 0.0 0.0 0.0 0.0 0.0 0.0 0.0 0.0 0.0 0.0 0.0 0.0 0.0 0.0 0.0 0.0 0.0 0.0 0.0 
453 0.0 0.0 0.0 0.0 0.0 0.0 0.0 0.0 0.0 0.0 0.0 0.0 0.0 0.0 0.0 0.0 0.0 0.0 0.0 0.0 0.0 
454 0.0 0.0 0.0 0.0 0.0 0.0 0.0 0.0 0.0 0.0 0.0 0.0 0.0 0.0 0.0 0.0 0.0 0.0 0.0 0.0 0.0 
455 0.0 0.0 0.0 0.0 0.0 0.0 0.0 0.0 0.0 0.0 0.0 0.0 0.0 0.0 0.0 0.0 0.0 0.0 0.0 0.0 0.0 
456 0.0 0.0 0.0 0.0 0.0 0.0 0.0 0.0 0.0 0.0 0.0 0.0 0.0 0.0 0.0 0.0 0.0 0.0 0.0 0.0 0.0 
457 0.0 0.0 0.0 0.0 0.0 0.0 0.0 0.0 0.0 0.0 0.0 0.0 0.0 0.0 0.0 0.0 0.0 0.0 0.0 0.0 0.0 
458 0.0 0.0 0.0 0.0 0.0 0.0 0.0 0.0 0.0 0.0 0.0 0.0 0.0 0.0 0.0 0.0 0.0 0.0 0.0 0.0 0.0 
459 0.0 0.0 0.0 0.0 0.0 0.0 0.0 0.0 0.0 0.0 0.0 0.0 0.0 0.0 0.0 0.0 0.0 0.0 0.0 0.0 0.0 
460 0.0 0.0 0.0 0.0 0.0 0.0 0.0 0.0 0.0 0.0 0.0 0.0 0.0 0.0 0.0 0.0 0.0 0.0 0.0 0.0 0.0 
461 0.0 0.0 0.0 0.0 0.0 0.0 0.0 0.0 0.0 0.0 0.0 0.0 0.0 0.0 0.0 0.0 0.0 0.0 0.0 0.0 0.0 
462 0.0 0.0 0.0 0.0 0.0 0.0 0.0 0.0 0.0 0.0 0.0 0.0 0.0 0.0 0.0 0.0 0.0 0.0 0.0 0.0 0.0 
463 0.0 0.0 0.0 0.0 0.0 0.0 0.0 0.0 0.0 0.0 0.0 0.0 0.0 0.0 0.0 0.0 0.0 0.0 0.0 0.0 0.0 
464 0.0 0.0 0.0 0.0 0.0 0.0 0.0 0.0 0.0 0.0 0.0 0.0 0.0 0.0 0.0 0.0 0.0 0.0 0.0 0.0 0.0 
465 0.0 0.0 0.0 0.0 0.0 0.0 0.0 0.0 0.0 0.0 0.0 0.0 0.0 0.0 0.0 0.0 0.0 0.0 0.0 0.0 0.0 
466 0.0 0.0 0.0 0.0 0.0 0.0 0.0 0.0 0.0 0.0 0.0 0.0 0.0 0.0 0.0 0.0 0.0 0.0 0.0 0.0 0.0 
467 0.0 0.0 0.0 0.0 0.0 0.0 0.0 0.0 0.0 0.0 0.0 0.0 0.0 0.0 0.0 0.0 0.0 0.0 0.0 0.0 0.0 
468 0.0 0.0 0.0 0.0 0.0 0.0 0.0 0.0 0.0 0.0 0.0 0.0 0.0 0.0 0.0 0.0 0.0 0.0 0.0 0.0 0.0 
469 0.0 0.0 0.0 0.0 0.0 0.0 0.0 0.0 0.0 0.0 0.0 0.0 0.0 0.0 0.0 0.0 0.0 0.0 0.0 0.0 0.0 
470 0.0 0.0 0.0 0.0 0.0 0.0 0.0 0.0 0.0 0.0 0.0 0.0 0.0 0.0 0.0 0.0 0.0 0.0 0.0 0.0 0.0 
471 0.0 0.0 0.0 0.0 0.0 0.0 0.0 0.0 0.0 0.0 0.0 0.0 0.0 0.0 0.0 0.0 0.0 0.0 0.0 0.0 0.0 
472 0.0 0.0 0.0 0.0 0.0 0.0 0.0 0.0 0.0 0.0 0.0 0.0 0.0 0.0 0.0 0.0 0.0 0.0 0.0 0.0 0.0 
473 0.0 0.0 0.0 0.0 0.0 0.0 0.0 0.0 0.0 0.0 0.0 0.0 0.0 0.0 0.0 0.0 0.0 0.0 0.0 0.0 0.0 
474 0.0 0.0 0.0 0.0 0.0 0.0 0.0 0.0 0.0 0.0 0.0 0.0 0.0 0.0 0.0 0.0 0.0 0.0 0.0 0.0 0.0 
475 0.0 0.0 0.0 0.0 0.0 0.0 0.0 0.0 0.0 0.0 0.0 0.0 0.0 0.0 0.0 0.0 0.0 0.0 0.0 0.0 0.0 
476 0.0 0.0 0.0 0.0 0.0 0.0 0.0 0.0 0.0 0.0 0.0 0.0 0.0 0.0 0.0 0.0 0.0 0.0 0.0 0.0 0.0 
477 0.0 0.0 0.0 0.0 0.0 0.0 0.0 0.0 0.0 0.0 0.0 0.0 0.0 0.0 0.0 0.0 0.0 0.0 0.0 0.0 0.0 
478 0.0 0.0 0.0 0.0 0.0 0.0 0.0 0.0 0.0 0.0 0.0 0.0 0.0 0.0 0.0 0.0 0.0 0.0 0.0 0.0 0.0 
479 0.0 0.0 0.0 0.0 0.0 0.0 0.0 0.0 0.0 0.0 0.0 0.0 0.0 0.0 0.0 0.0 0.0 0.0 0.0 0.0 0.0 
480 0.0 0.0 0.0 0.0 0.0 0.0 0.0 0.0 0.0 0.0 0.0 0.0 0.0 0.0 0.0 0.0 0.0 0.0 0.0 0.0 0.0 
481 0.0 0.0 0.0 0.0 0.0 0.0 0.0 0.0 0.0 0.0 0.0 0.0 0.0 0.0 0.0 0.0 0.0 0.0 0.0 0.0 0.0 
482 0.0 0.0 0.0 0.0 0.0 0.0 0.0 0.0 0.0 0.0 0.0 0.0 0.0 0.0 0.0 0.0 0.0 0.0 0.0 0.0 0.0 
483 0.0 0.0 0.0 0.0 0.0 0.0 0.0 0.0 0.0 0.0 0.0 0.0 0.0 0.0 0.0 0.0 0.0 0.0 0.0 0.0 0.0 
484 0.0 0.0 0.0 0.0 0.0 0.0 0.0 0.0 0.0 0.0 0.0 0.0 0.0 0.0 0.0 0.0 0.0 0.0 0.0 0.0 0.0 
485 0.0 0.0 0.0 0.0 0.0 0.0 0.0 0.0 0.0 0.0 0.0 0.0 0.0 0.0 0.0 0.0 0.0 0.0 0.0 0.0 0.0 
486 0.0 0.0 0.0 0.0 0.0 0.0 0.0 0.0 0.0 0.0 0.0 0.0 0.0 0.0 0.0 0.0 0.0 0.0 0.0 0.0 0.0 
487 0.0 0.0 0.0 0.0 0.0 0.0 0.0 0.0 0.0 0.0 0.0 0.0 0.0 0.0 0.0 0.0 0.0 0.0 0.0 0.0 0.0 
488 0.0 0.0 0.0 0.0 0.0 0.0 0.0 0.0 0.0 0.0 0.0 0.0 0.0 0.0 0.0 0.0 0.0 0.0 0.0 0.0 0.0 
489 0.0 0.0 0.0 0.0 0.0 0.0 0.0 0.0 0.0 0.0 0.0 0.0 0.0 0.0 0.0 0.0 0.0 0.0 0.0 0.0 0.0 
490 0.0 0.0 0.0 0.0 0.0 0.0 0.0 0.0 0.0 0.0 0.0 0.0 0.0 0.0 0.0 0.0 0.0 0.0 0.0 0.0 0.0 
491 0.0 0.0 0.0 0.0 0.0 0.0 0.0 0.0 0.0 0.0 0.0 0.0 0.0 0.0 0.0 0.0 0.0 0.0 0.0 0.0 0.0 
492 0.0 0.0 0.0 0.0 0.0 0.0 0.0 0.0 0.0 0.0 0.0 0.0 0.0 0.0 0.0 0.0 0.0 0.0 0.0 0.0 0.0 
493 0.0 0.0 0.0 0.0 0.0 0.0 0.0 0.0 0.0 0.0 0.0 0.0 0.0 0.0 0.0 0.0 0.0 0.0 0.0 0.0 0.0 
494 0.0 0.0 0.0 0.0 0.0 0.0 0.0 0.0 0.0 0.0 0.0 0.0 0.0 0.0 0.0 0.0 0.0 0.0 0.0 0.0 0.0 
495 0.0 0.0 0.0 0.0 0.0 0.0 0.0 0.0 0.0 0.0 0.0 0.0 0.0 0.0 0.0 0.0 0.0 0.0 0.0 0.0 0.0 
496 0.0 0.0 0.0 0.0 0.0 0.0 0.0 0.0 0.0 0.0 0.0 0.0 0.0 0.0 0.0 0.0 0.0 0.0 0.0 0.0 0.0 
497 0.0 0.0 0.0 0.0 0.0 0.0 0.0 0.0 0.0 0.0 0.0 0.0 0.0 0.0 0.0 0.0 0.0 0.0 0.0 0.0 0.0 
498 0.0 0.0 0.0 0.0 0.0 0.0 0.0 0.0 0.0 0.0 0.0 0.0 0.0 0.0 0.0 0.0 0.0 0.0 0.0 0.0 0.0 
499 0.0 0.0 0.0 0.0 0.0 0.0 0.0 0.0 0.0 0.0 0.0 0.0 0.0 0.0 0.0 0.0 0.0 0.0 0.0 0.0 0.0 
